1
7
19
59
0
-66
-29
-13
56
-93
23
-47
53
-62
-56
57
-69
-55
64
95
56
-15
-7
-77
-29
17
41
3
9
41
86
70
-3
45
-76
35
-59
-69
85
24
60
31
11
-74
8
97
-15
-30
-62
-41
58
44
-40
-100
-77
-77
48
47
88
-52
54
79
96
-3
-96
-23
97
72
-31
-85
74
-66
-49
36
-80
-15
-32
51
4
23
-85
-38
-90
5
-17
-24
-26
7
-29
-8
-98
-33
-47
-60
17
-67
16
6
-55
-82
-61
-91
-66
8
-28
-36
47
100
-86
87
83
71
82
-82
-32
11
-10
30
-92
43
-99
19
-65
13
15
39
-13
-68
-84
-20
-51
-44
-65
51
35
-4
-71
30
-66
24
-50
-11
-17
-41
-100
-26
82
-22
95
55
-88
39
55
-37
-4
-69
-81
61
-28
-52
50
14
50
93
52
-51
-4
-57
-86
26
-100
39
12
22
-35
86
60
-75
73
79
-65
43
37
64
-95
70
91
-77
-2
30
59
-34
6
-12
-28
-34
-39
-4
-12
69
94
78
73
76
-98
-88
68
25
-51
86
-92
-22
61
-71
74
-61
57
76
36
-48
-85
-18
-81
-25
-72
83
12
68
71
48
55
86
84
75
-91
29
-55
-57
71
68
-37
28
-47
76
-57
13
83
-80
-12
33
98
-4
54
44
-10
20
-65
78
-48
42
48
-49
5
24
99
37
56
-96
8
40
86
-9
-5
12
51
97
-20
-56
37
-21
-4
48
28
31
32
27
-67
48
-25
-36
-5
96
11
76
-71
83
-81
63
-85
35
-72
59
-62
27
-98
-97
9
-47
86
27
36
-75
-79
63
26
-89
-89
-76
85
22
66
-25
76
36
-8
27
-4
-20
-62
76
50
-61
-98
-11
18
-16
-98
-28
57
-61
-39
43
-44
58
-63
5
-79
100
-53
61
-88
-53
35
77
-85
63
-20
-45
14
-89
73
-5
55
53
45
-51
33
-74
12
-20
66
89
-22
64
-59
27
-12
88
81
-78
97
30
-49
26
89
-25
-83
9
76
-30
-13
33
-3
-42
-47
22
-94
-42
-66
51
17
2
61
57
-38
53
66
12
-82
47
-79
94
-64
-6
98
90
94
31
-64
1
17
-80
3
73
-98
22
-54
79
96
-100
99
28
-82
41
39
-10
-13
98
-16
61
-37
22
-15
3
93
43
-100
-16
-26
5
-40
-67
17
48
58
-16
-88
-21
33
-65
47
81
-61
-84
-46
-17
43
88
84
37
3
-23
-16
76
-47
-85
31
-68
67
28
-79
26
44
-59
-34
12
-27
-38
-27
-64
-31
-85
79
-34
46
66
63
-75
47
5
64
-10
47
6
-55
-64
20
41
-45
18
-95
100
-5
-87
-33
-33
-88
84
-92
-71
14
29
97
-83
79
-62
-13
2
-94
-20
89
-7
-1
63
-17
28
-4
-95
74
-60
-8
-7
3
51
56
-60
-40
-76
-65
-23
-27
74
57
3
-80
8
-83
24
23
-89
-54
-19
90
-60
53
68
-32
32
-20
-33
89
27
67
49
18
58
65
-22
99
76
77
-24
-10
29
68
83
54
-15
-65
3
-2
75
-87
64
-96
58
-21
-75
20
51
95
-76
-45
-48
-11
-96
-46
5
86
-89
29
-67
-39
94
-98
26
37
38
21
-32
-82
-28
9
57
96
-10
-44
78
-85
-74
65
20
61
57
-9
-45
74
-100
-84
-59
-91
27
75
28
53
53
-92
92
-90
-30
30
86
-65
71
-90
59
41
-12
64
32
26
-15
25
45
-43
63
-12
34
18
92
12
75
-15
52
-83
8
27
68
-50
81
30
37
59
89
89
-11
72
61
-99
53
-62
-59
-24
-24
35
-2
90
83
44
33
73
70
-93
25
54
-9
37
-61
-49
9
58
-82
-76
57
-87
76
-64
-90
46
-30
70
-25
54
68
63
-94
71
-29
29
91
-5
-40
-49
-47
53
40
-79
46
-30
-51
-61
-85
-92
41
-67
-75
32
-23
-63
5
-70
70
-19
1
77
-74
38
20
-70
98
42
44
48
-76
12
-63
93
79
-64
-66
90
-9
1
87
70
100
-92
19
48
89
95
30
51
-68
-82
49
-5
-79
-19
55
46
85
-81
-60
-89
-74
38
-14
7
99
-68
64
57
47
-88
2
-11
47
38
-26
-76
45
-60
38
-23
63
92
-11
-49
6
17
1
99
-10
65
64
-66
52
-47
21
-58
-67
96
-61
55
46
0
98
68
-33
60
-63
19
-11
15
80
-68
-70
66
57
-22
-58
64
-72
38
-25
-7
-98
-69
-48
-94
37
78
1
-86
11
34
-53
-20
-25
53
73
-89
-75
26
47
84
100
87
90
18
-78
-42
-56
-31
-87
-9
-80
89
-79
-49
-14
80
-94
-83
13
86
-44
-14
73
15
-79
29
88
-35
89
-52
-90
-1
-97
74
-71
0
0
49
77
-42
-57
-71
100
26
96
-47
31
-93
-1
-47
-51
-16
-94
70
94
-57
-63
51
-22
20
0
4
-98
-84
-38
-82
-5
21
-94
-29
100
62
76
8
-56
-64
-3
-76
90
-39
66
-31
27
86
-67
-51
21
90
95
-91
5
79
62
85
51
-62
-99
78
-48
-7
12
-32
-98
11
29
-74
51
-17
-57
78
-44
-80
39
-60
-8
-68
55
27
7
49
-71
-62
29
87
-22
-4
-67
75
12
83
80
8
79
44
-75
42
-86
-98
100
-47
32
-9
56
-21
21
64
-58
-5
-72
20
-23
8
-80
98
-24
-69
-98
-100
36
-29
59
0
-21
-43
-66
-39
94
94
-92
85
46
18
-18
100
93
-3
98
-28
65
-35
53
-12
96
-50
88
27
36
61
53
-97
-82
13
-21
-26
42
99
-4
60
62
46
48
-60
81
-53
95
-89
16
-49
-22
-8
-98
3
-100
78
-52
67
-28
37
-59
96
96
73
4
-29
23
85
-60
-85
4
1
-84
29
43
21
100
-52
97
12
97
87
-18
-28
-10
-46
73
81
-25
63
79
-12
70
-92
66
13
-34
68
36
96
-3
87
-75
89
26
-76
-45
-95
-11
19
96
-68
-70
18
-13
-19
12
53
-48
-49
-55
70
-57
94
-59
-72
28
79
25
-44
-25
58
96
43
10
-55
-68
-59
72
-66
-66
30
27
63
6
-93
-78
81
28
-24
-81
2
-56
-21
75
-50
65
-98
47
-17
55
82
-36
-83
-18
-35
98
17
-20
-43
-6
-71
28
73
-35
-47
-5
-62
-66
61
36
71
36
-74
32
-82
34
-24
77
-48
-94
56
-31
87
25
-55
-56
5
-30
0
-4
-80
-87
-22
-41
-65
37
4
-2
28
-63
23
59
9
-2
-80
97
-97
18
-90
26
17
-57
-73
16
-81
63
-29
99
-44
-84
48
-23
-96
-59
-67
-54
-90
22
-33
63
55
-67
-72
30
-77
26
-71
-25
-82
-99
12
-37
-53
-31
36
30
39
94
16
-21
92
59
-68
-54
89
14
-9
60
60
40
51
-72
-64
98
-81
87
-38
99
85
-56
-8
-73
77
11
-61
46
58
-19
-20
-33
49
-42
8
87
-71
-59
92
-53
64
-99
-73
85
-8
50
-24
78
43
-77
-60
-35
94
-99
-98
-62
-5
-78
-51
-5
89
6
-34
-37
-26
15
-89
54
-59
-8
-41
-16
-50
79
-80
-96
43
84
4
53
80
-30
-2
-22
-77
80
38
44
94
-87
-11
-96
22
65
51
-82
-16
39
-12
52
-26
-50
-51
-20
-70
75
17
-91
40
49
2
-8
47
90
-55
-47
-26
98
77
-8
-5
-30
67
4
100
-7
-90
-15
-76
23
-85
-79
83
-36
-69
91
-73
-40
-67
82
-33
70
-27
64
-20
5
-10
61
20
-19
-32
22
-39
-22
-72
46
24
-19
-68
-42
-62
-6
-7
24
-29
53
-23
67
43
-69
-82
54
100
-12
-77
58
95
2
-81
84
-29
4
63
-47
77
21
-27
-31
53
-26
18
-85
-99
-64
-48
-33
65
-25
85
-21
-21
-55
60
31
-8
-14
-64
-99
60
29
-89
-83
21
28
75
36
-93
61
80
93
-89
-84
10
8
-44
80
21
-52
-29
90
11
-46
-2
-18
-76
36
65
40
-5
-16
-40
20
-90
34
-32
37
-6
78
-60
51
4
-94
22
78
-20
-28
-47
-79
22
-81
-59
50
98
30
-67
-10
64
-40
45
-4
40
-77
-76
50
-35
-51
26
63
60
18
45
7
-92
-10
33
-3
-70
34
-73
29
-91
-16
98
53
-62
-73
-1
72
68
-81
-5
100
73
35
-54
65
-16
-55
22
-68
-33
81
-51
-81
-31
27
40
-96
-10
-14
100
65
27
-44
91
-29
-47
-51
-50
64
-74
96
14
-6
-19
-23
5
-13
68
-34
-53
-84
-96
80
-87
80
-72
65
-51
-43
21
-44
-7
-15
21
61
-35
17
65
-20
33
61
44
-37
28
-71
-38
63
-28
12
34
100
-56
55
53
-83
-76
-97
44
-33
-76
-68
-69
-8
-96
60
-9
-1
29
72
23
-86
-78
-56
-46
18
38
-52
-87
27
-37
38
83
81
-96
-17
6
11
-2
-100
-2
-56
37
26
-28
-93
-80
77
100
84
-86
-100
-70
-30
-1
22
60
59
-96
85
95
-61
-69
55
-62
84
-18
82
-37
-47
-10
62
-73
-24
1
100
-19
5
88
34
72
90
62
13
23
-91
-61
-74
-14
55
-66
-75
94
29
-22
-82
38
63
42
-70
92
-50
97
-2
44
75
-42
-67
-32
46
-61
-6
-59
68
-79
-89
-50
-82
-65
63
5
98
21
-77
21
-66
-14
37
-19
85
9
59
23
-74
78
-2
37
49
-41
-38
-48
-75
-30
-26
-20
67
-75
-58
-19
-38
-73
24
-44
72
-8
93
68
-47
53
-49
-17
89
75
-92
-88
-17
80
-6
-66
-1
-18
-83
97
-60
83
-33
-90
28
56
-30
-63
-2
45
46
-32
1
-8
-70
44
-100
-10
-20
-82
-3
78
-80
-4
100
41
-3
-71
4
90
45
71
50
-84
1
-21
-94
-24
-6
49
67
-90
37
-70
49
-88
35
70
96
53
-46
60
56
20
-93
-93
17
-20
66
-22
94
65
86
19
35
74
-24
50
-15
-93
63
22
-28
-39
-27
-48
61
81
-94
-3
-27
-88
6
-59
-48
-89
-14
0
-47
-97
-1
50
96
90
-73
-32
-41
71
-88
73
-76
-50
-10
-85
83
-15
-54
33
48
31
41
99
-85
-20
20
39
-90
9
63
-95
89
83
-8
59
46
35
8
-97
-57
-67
61
97
-21
72
67
-58
68
-42
40
-21
50
51
75
8
23
-17
-43
16
61
-86
41
-91
13
78
64
11
-22
2
-88
-84
-62
39
83
57
-87
-58
96
35
30
10
73
32
-65
-64
2
93
-30
-15
98
-50
67
-96
14
-31
22
21
-28
35
97
50
28
-29
-73
-55
-58
79
38
-56
-82
-27
2
22
-77
64
18
-38
25
84
-10
43
-79
-66
-41
11
41
84
0
-39
-4
68
-60
24
52
73
-5
-29
-100
29
-4
-33
70
-40
-70
7
33
-11
-93
-65
52
57
-90
-62
14
-72
-25
19
85
-76
-97
-9
0
48
-34
-22
60
40
85
-11
-91
50
88
12
-27
-29
93
-24
1
50
14
-30
60
-27
-62
62
-70
72
58
-10
17
34
11
25
80
-58
-2
-5
78
43
71
-62
-72
53
-39
-84
-92
62
50
57
53
-2
1
-17
58
36
100
-81
68
-15
24
-66
99
-34
91
-26
-28
-31
37
78
41
-74
-58
14
5
99
85
-29
-62
37
85
49
56
6
-7
-28
-63
80
-18
-86
-50
-29
36
-33
14
-60
100
67
95
19
-23
47
-74
81
32
30
92
33
8
-93
-75
50
-57
21
-8
34
56
59
55
-22
1
-82
94
79
-79
-60
33
-34
-88
-59
77
-7
50
10
90
49
-25
-19
78
-71
-9
26
-80
-54
19
35
48
35
-32
2
-9
-43
14
72
69
-91
94
-91
-4
-39
-50
-16
-10
95
-48
-80
53
-42
69
62
16
-37
-97
29
-42
24
-39
-76
81
53
11
-89
-91
48
-46
50
17
47
-52
20
-34
-71
-10
93
-6
-35
-87
24
-18
47
-75
-11
-9
-47
1
-34
8
15
76
-93
76
-39
21
66
-68
61
30
26
-26
-19
0
61
22
-60
-89
72
5
-78
-11
84
-67
28
37
-61
-49
98
50
-78
70
-20
-50
-8
-8
60
88
0
-39
77
71
12
67
60
50
-14
65
23
87
-4
-75
13
76
28
18
-36
39
74
-79
-81
92
-81
88
-86
-16
82
-86
1
86
-14
-59
-13
34
66
34
54
-3
26
-57
-19
29
-65
60
16
-56
-26
37
83
-66
-25
-83
-2
-19
-63
-57
-63
80
-54
29
-58
-4
-47
50
38
58
-72
-30
92
-94
12
-51
23
-34
62
36
-72
-11
-49
-77
-16
-83
-79
79
-47
-83
97
1
97
8
-16
39
19
-13
-27
-100
57
-51
95
8
44
-71
-88
19
36
-23
-28
78
-91
-65
-58
64
98
-48
6
36
0
-100
50
34
39
-90
83
38
-36
26
93
-57
48
89
-72
-70
-69
84
13
-17
-65
-82
50
93
-10
-87
-3
-33
23
34
86
47
41
82
-31
-63
22
54
46
37
85
-44
14
-42
78
-38
12
-44
-2
-42
2
-71
32
25
-1
-83
-71
96
-79
-50
-23
-27
-40
-99
-46
46
-86
-49
-51
86
27
1
89
32
-26
26
-14
-23
-39
40
-91
-49
-2
-67
48
-99
28
52
18
-24
-67
-23
88
-44
-28
-55
-35
-75
-15
-90
72
-30
-63
2
77
25
-52
8
-34
30
-7
-58
-15
85
-30
84
-42
-15
-7
20
-77
-14
-21
-15
-14
80
-7
-30
-26
71
-75
12
-9
-63
-48
5
-100
-59
-7
56
35
84
9
-61
-9
15
-12
60
-64
16
-11
-84
50
95
-25
-77
-60
-89
-36
-10
93
54
50
68
-49
43
39
-73
-85
64
94
14
-87
76
-75
-58
6
-66
90
-70
20
-14
35
-16
-72
55
34
92
-15
45
-37
99
-93
71
-100
-15
60
-65
17
10
84
72
91
65
-31
2
-9
-75
43
39
55
89
78
56
-68
-6
61
56
-68
98
47
46
-37
37
45
-62
67
-35
-62
-79
-32
-99
-41
29
-16
-36
-44
76
-41
-19
-68
-91
1
-47
-75
-37
92
44
-86
7
50
97
85
97
-73
89
-35
-79
37
56
28
36
35
36
-67
79
-34
-15
72
26
92
-55
-98
69
23
81
-6
-84
-59
-90
-3
-20
97
-4
-41
-84
29
-66
-90
60
72
92
4
-73
52
-68
-89
-73
-82
-84
92
15
2
45
55
-34
75
-22
55
76
-88
8
-68
78
67
-18
9
15
-42
71
-62
-75
10
23
2
-58
87
-7
-31
41
84
-8
5
86
-64
-7
-63
91
-60
57
-18
-73
-92
-67
8
56
83
-10
97
94
-68
-89
-49
-37
7
-14
-7
-26
-7
1
-87
6
44
-29
-83
85
-14
81
-34
-4
-97
-32
-1
-29
66
-3
31
30
-89
85
92
-69
77
17
75
-40
-12
-84
89
45
46
-52
-78
94
38
33
62
42
28
-80
-10
42
-3
38
51
-71
36
-6
52
32
-99
-10
-5
80
-22
-5
36
-42
72
-16
84
86
13
-27
-33
-22
-9
97
-24
-51
50
-57
92
90
48
19
-38
28
85
7
-70
30
-27
6
-91
-88
-22
-37
-54
25
-36
75
-27
-65
93
-22
-57
20
68
51
-18
-71
92
63
8
87
89
-63
-42
48
38
-79
90
86
-94
0
3
-11
-35
12
-22
54
0
-65
54
51
52
-100
-99
32
95
-11
99
34
-63
-39
69
-20
-83
-89
-80
27
59
-91
-35
-49
-38
21
-33
-27
90
38
-39
-1
77
-52
34
-82
3
77
-92
57
78
-13
-21
-9
-17
-52
-89
-95
-1
-79
96
5
62
59
64
47
-8
-40
79
-28
-79
55
-45
100
-88
-30
5
12
42
-43
7
59
0
-100
-1
97
-5
13
-82
-67
56
-64
-93
10
3
78
86
-56
-90
26
42
67
92
-82
14
-10
16
-87
-8
48
72
0
-63
49
0
-62
81
-61
34
-95
87
9
42
47
-46
-6
59
-17
68
-62
72
-69
-41
-4
97
-84
-78
81
83
6
49
-32
78
-56
63
-89
-60
-69
-86
-98
-72
56
-25
48
-22
92
-85
30
-5
-10
-85
64
-13
2
-25
79
71
83
-33
72
90
26
16
9
2
-56
-68
-28
-30
74
-68
-42
62
8
98
60
-5
-48
21
-92
19
28
47
-36
-7
-87
82
-40
-29
-50
-40
-71
-12
-67
41
23
-80
88
-51
-54
20
100
2
-42
30
-65
-4
-26
-86
52
-72
27
-53
-9
-10
-35
-14
23
31
-92
-1
91
83
-22
-36
20
-3
11
44
-31
-11
-23
52
92
-2
-94
84
-34
-38
66
1
-35
74
-25
-66
-75
24
-13
8
-69
-26
-17
-86
-57
16
9
-49
57
-67
58
63
-72
57
-8
-62
83
-78
53
92
-18
28
-33
54
11
87
-62
29
-35
-60
-27
-28
-82
53
94
16
-59
-79
-67
-15
-86
-56
17
-38
-96
46
-83
-24
-20
-11
20
81
22
-21
68
-28
-61
-4
72
48
5
-2
23
-94
98
88
-41
-62
72
-8
38
10
11
13
-50
54
55
34
10
73
97
-44
44
-90
-76
-10
44
-63
-18
-48
-50
50
-17
97
64
9
-1
36
-62
-29
30
-52
-13
-93
34
92
-55
-7
50
-31
-28
-60
-89
-24
-21
-26
33
30
-25
-13
-4
86
-51
96
2
9
16
-11
-12
-4
12
-25
85
4
-43
12
32
-75
-6
-34
-98
1
64
-50
89
-40
-71
56
47
-60
-3
75
72
25
-53
63
-76
-86
-1
64
-80
-47
-38
47
31
-54
83
88
-39
28
21
97
58
88
30
72
-68
54
-81
-24
-19
29
-11
30
-25
-50
19
45
-62
-76
-85
-95
94
95
30
59
80
-76
15
-2
48
-75
33
1
-16
-54
-99
99
44
76
-58
8
67
-46
71
27
-4
-73
34
-32
96
44
36
-98
63
54
-14
-91
37
97
24
20
-26
31
-40
82
41
-20
69
-35
-27
-48
66
-4
-7
-81
77
-11
21
-26
-49
10
49
70
21
62
21
-6
-25
90
19
-41
-73
-40
-31
9
19
-74
64
-72
70
-39
12
60
-67
-29
-14
-16
33
88
-46
24
46
26
-55
-86
77
12
-21
-43
52
-23
94
20
-61
4
-81
75
-97
-30
6
-89
-53
-99
-92
46
-14
-20
8
-31
-69
40
81
66
13
-31
69
75
25
-46
55
32
59
98
-15
99
-20
92
-59
-46
70
-82
58
-58
84
-57
73
72
94
-73
-89
72
78
61
25
-71
80
58
91
22
67
46
-67
87
96
-100
-65
64
-47
-68
-58
-22
79
-49
-98
-11
44
9
-90
68
-92
50
-44
91
26
99
-47
48
-21
13
-11
-47
-15
19
12
-20
-91
-73
-40
1
61
52
-14
14
-50
-100
-41
6
50
-23
84
-66
-35
48
32
-82
27
55
-27
-83
-57
2
5
-99
-91
-11
44
-53
87
-8
-67
-53
-73
88
7
-13
58
5
94
-85
37
61
-47
97
57
33
39
-73
86
-15
85
33
-79
-57
1
23
-93
100
90
89
-11
94
70
93
28
-67
-85
-25
68
-53
66
-94
46
59
81
31
9
-92
45
-56
-20
-73
88
54
-11
12
30
-94
39
16
-37
-75
49
-4
50
-39
-12
30
-66
90
-60
-38
-50
-63
-69
-69
-85
-57
77
40
-93
-5
-41
-97
-4
-46
2
-35
-17
47
-20
45
16
-9
-32
88
79
-39
69
24
65
-47
-14
-80
-21
-8
-68
82
-44
38
-47
-46
-89
-8
12
-18
68
-41
-12
-64
26
16
76
-20
-63
-60
49
53
42
-35
-88
-23
6
62
35
-27
-40
-77
4
-53
-30
-51
58
82
-15
-92
-89
52
-30
-12
-26
-34
85
-62
85
12
36
7
67
70
-17
-54
-9
40
73
-12
-45
7
-36
-6
-22
-68
28
-1
16
-28
-76
-20
31
-14
-94
4
46
43
87
-25
-17
74
91
-38
70
-69
-28
45
40
13
22
-74
98
58
-91
-66
48
44
-93
-14
100
74
73
-85
27
75
11
-7
-80
-13
68
49
38
-33
-75
31
46
34
-55
-41
-3
75
-12
-91
-57
76
100
-18
39
41
-33
6
-100
-43
85
-10
-99
-79
-70
73
16
42
49
-62
-2
26
81
17
-98
-67
33
42
-21
-36
57
37
-56
-95
47
-84
31
58
-26
-56
87
34
-19
40
71
2
-26
17
22
13
-7
-30
30
-100
22
68
-60
-65
-91
-73
53
44
78
-57
35
75
59
-63
87
-48
81
38
76
-38
-54
-64
-43
85
65
8
-2
-60
-95
47
81
-86
-48
-69
68
51
30
-17
-58
-44
-17
-43
-73
-6
31
33
55
-7
48
-49
72
-98
69
56
23
64
-54
50
-76
67
84
85
-72
-75
26
-99
88
-22
-79
-15
-1
49
83
74
72
-43
28
43
-50
20
12
1
-76
23
66
-75
-6
28
-97
39
59
18
42
73
-68
0
-93
48
-97
10
36
47
63
54
14
-85
97
-11
56
-13
-40
23
-21
22
96
49
22
-11
71
-85
29
91
7
-9
52
-93
35
-6
64
-14
-83
-43
-52
-17
-89
99
100
-50
-19
21
-18
99
-87
-66
36
59
96
76
5
16
79
32
13
-18
38
-95
81
-74
-34
-3
40
-49
60
-44
80
90
39
47
-11
60
68
67
-84
82
78
46
86
-32
-62
83
-12
72
-89
-79
3
10
-44
96
-44
10
54
7
96
-90
74
40
3
-40
66
43
-55
50
-11
72
-51
-53
-87
-19
100
-73
20
23
-69
-39
27
84
-9
-40
-35
99
12
-95
-45
-75
-26
60
82
13
-70
14
-97
-19
-45
-86
13
51
-69
34
-13
-37
70
80
68
23
75
90
94
-92
-18
-45
-52
13
95
-45
-35
35
-56
-62
74
4
-53
18
-42
-49
11
71
16
-93
36
-94
74
-64
-52
36
-71
-6
-35
33
-48
-20
3
49
-85
49
-1
-24
-73
83
47
-2
73
-6
11
7
-79
88
71
-77
61
-64
-2
-45
-53
71
-78
84
-69
-2
73
-71
17
-56
91
35
63
-27
93
17
30
-20
-84
-18
14
-74
-19
-47
-16
57
90
-82
97
20
-80
-75
66
-35
21
-6
-80
86
45
11
73
82
-13
-31
76
-65
-66
50
-20
-13
44
58
7
60
-66
96
21
-35
74
-42
-29
52
-49
37
-62
44
-21
57
-62
-77
97
39
51
-46
99
-25
29
-43
42
22
18
-80
46
-32
33
-88
-73
-85
56
24
-19
-78
29
-85
50
29
6
-38
35
-20
0
-19
94
98
87
-25
52
-59
-76
60
25
-29
-40
-98
-89
53
-9
75
-48
-45
-22
-61
19
84
-67
-95
1
58
40
47
-8
-51
33
41
95
16
21
-96
90
30
-19
-31
26
-20
24
53
-23
18
33
32
33
19
64
26
-70
65
-54
57
34
-63
-63
-76
68
71
75
-1
56
74
7
93
1
76
74
-16
6
-77
-92
24
-68
-96
47
5
54
-33
-40
54
-10
62
18
-20
81
-46
-83
-65
71
99
-78
76
74
-88
-97
4
-44
2
-70
99
83
-81
-34
-83
40
-48
59
83
-58
4
82
6
96
-52
100
27
98
51
69
-51
-44
-41
100
32
-60
62
-10
20
50
-58
75
-50
-50
89
-86
14
43
56
-73
83
-66
59
-67
-26
31
19
5
-25
75
24
-58
-36
-45
-92
27
32
15
-9
42
50
71
-84
-44
70
-24
-26
-59
53
11
-20
-5
94
-55
-10
-91
-49
-21
-53
-65
88
-9
-45
-48
50
12
68
83
34
93
-38
13
76
90
-9
-83
63
88
7
-6
89
37
-12
49
-12
-40
11
-37
-83
-21
97
9
22
36
86
94
-42
43
-18
-4
-52
46
4
-25
1
-9
-43
80
-86
71
57
-57
-50
-23
-81
-1
6
-25
-55
43
-98
40
-30
-26
-33
16
-67
-85
75
-43
-30
70
30
-52
-20
4
-59
-97
-22
89
-14
74
-83
44
-51
41
-96
-44
-96
-9
52
-81
-69
54
53
21
8
-99
-49
12
33
23
47
-30
17
-90
-88
1
-94
85
96
18
-16
5
8
-61
-53
50
-34
52
43
-73
-88
-28
-82
100
-57
-61
18
-27
23
8
-92
-14
97
34
58
-29
-51
-46
82
-24
10
-89
47
66
2
67
79
-28
-39
97
91
5
33
46
2
47
-60
-28
35
96
72
-78
89
-56
4
91
3
11
-92
-59
83
51
44
-93
-90
-68
-66
19
-25
18
-64
-25
-8
28
47
-14
-3
47
70
46
56
49
-29
-10
-6
6
-54
-59
22
-73
-46
71
58
-96
36
87
81
-47
-48
-36
-46
42
-84
16
-3
94
21
-67
-37
2
93
-90
-98
-74
99
-18
20
32
-12
-49
-92
84
41
-41
-81
38
2
7
-70
-44
12
-73
-29
-51
-32
1
91
63
3
-47
-5
-66
50
-47
-93
68
69
86
-91
-47
15
-33
-70
-22
-7
-92
-3
28
-64
-3
42
-33
23
-27
-93
-59
-69
5
-95
-27
-78
-34
29
18
-49
53
-18
-66
73
-80
82
-98
78
5
7
89
46
-32
-78
24
-12
-31
-83
-92
39
-19
-28
-1
-48
-86
-48
-34
50
-59
-33
-61
-35
-62
-6
38
64
28
-86
72
13
-67
-100
41
-84
-79
-52
-80
39
18
-87
31
-75
74
6
-37
-62
-46
-6
81
81
28
-9
-69
12
98
-55
19
32
58
56
5
15
-30
52
-90
-58
-9
-10
-15
-38
-23
10
49
14
11
73
18
83
97
-8
93
-53
-75
-53
-4
94
57
-21
-66
41
39
-84
-65
90
-20
-70
68
89
9
44
36
31
22
-31
-71
-59
-89
-50
98
-6
89
97
66
-99
-95
-80
-18
-15
92
89
59
62
97
-29
-67
-3
75
21
-33
71
-53
-49
-65
-64
-62
-37
-19
87
100
-58
-1
-10
-40
40
99
-94
-46
84
-29
50
-93
14
44
88
-53
-96
38
-67
0
48
-86
-31
6
-78
76
-71
-67
41
-62
67
5
-67
98
-51
-27
-39
14
90
70
-60
-56
79
96
84
56
11
-75
-53
27
99
91
-24
71
43
-29
-25
-19
70
92
-75
44
56
5
-28
-65
-81
80
59
-45
-29
-66
22
-89
-84
9
80
46
25
34
-3
-4
-89
59
0
54
-83
-86
72
-33
54
4
8
25
32
-14
-7
90
-60
-51
15
-93
-96
42
-9
63
-88
19
39
55
-31
31
-81
18
-65
23
-99
53
-34
-91
-34
-78
38
40
-87
-59
5
-38
-39
-95
11
56
-13
-89
86
-28
-24
-42
-17
10
-60
64
55
-79
71
85
-56
43
72
26
-46
5
16
11
86
48
17
-96
25
9
18
-24
-23
-97
71
24
-87
56
4
-73
-38
-14
68
-27
49
-35
93
97
79
-88
48
42
1
-76
87
-82
14
-2
90
-94
2
89
86
-5
1
47
-91
-86
35
-28
-23
10
75
84
-16
84
-87
44
-8
-65
22
-88
-34
47
15
-15
-64
-32
84
69
-22
40
-92
19
9
-19
-54
-40
-46
100
95
36
97
3
20
-48
59
-99
-67
49
61
-60
-34
-73
63
95
-26
55
-87
-54
-26
18
65
-1
-82
56
-39
-22
-29
37
17
-49
-64
-70
-44
60
-37
7
27
75
32
14
-61
67
-95
-91
15
19
-34
77
0
75
-45
8
84
-21
2
31
-36
5
5
90
-48
28
19
46
44
-83
2
72
85
-61
-93
63
28
7
51
-63
6
-2
-73
72
98
51
42
70
-28
-70
-14
79
-18
31
-91
-84
-27
52
-48
51
53
-54
81
34
-63
34
-39
-59
98
97
-41
80
-44
-31
-64
67
-28
66
-2
-47
-41
24
44
-92
-39
-98
-82
-90
19
70
-99
-10
70
-19
-98
-75
63
-52
96
-83
-28
-17
-15
-86
-64
68
-76
25
-50
10
26
86
-61
34
16
20
67
-44
-61
78
66
17
75
22
15
-5
-74
-7
-97
-22
93
47
-64
-59
-2
69
26
84
35
-93
-72
-55
80
84
52
-37
99
-90
-65
-12
45
-53
-72
-35
59
71
59
-69
6
-91
-4
-79
-59
-12
31
100
-100
-11
-40
-40
-22
-84
57
55
-67
-45
-25
64
2
-88
-52
-15
-91
31
42
40
95
-28
2
-78
-63
-20
-31
24
-41
-19
61
-100
33
78
83
-19
-74
83
-66
27
-53
-85
-61
11
-6
66
99
51
-57
-56
78
-22
23
89
23
7
27
-98
-55
96
-22
-33
-77
-72
-37
75
35
-4
-5
67
25
77
62
84
12
-3
-14
-87
98
13
-88
-15
80
29
94
-20
-43
-76
-89
7
-22
16
70
-65
-49
50
81
38
-78
-69
-48
17
6
33
40
-33
4
-50
-25
-100
-84
88
50
5
-85
99
97
37
-58
71
-11
-77
-84
25
-29
43
14
25
-59
18
3
21
-36
-87
75
-65
62
86
-51
91
14
-72
90
55
36
13
-70
-56
32
-65
-65
57
64
-17
81
66
81
-92
6
-44
12
-64
-37
-59
-29
74
89
4
-83
-31
-16
-76
-1
-81
61
-40
-100
-84
42
-78
33
6
32
92
34
-72
83
2
-19
-100
80
55
-33
-99
89
-74
3
79
72
-68
41
-5
46
31
36
-24
87
-50
51
99
-27
96
-1
-53
84
-2
23
-64
-82
-24
-13
83
-30
37
100
-69
-92
-84
-83
-83
-19
58
89
-40
-77
-19
-9
-63
-6
71
5
-63
39
40
-96
-97
-76
-52
-94
-84
85
-95
32
56
3
-94
8
-89
-88
25
-94
-25
-22
-30
45
-16
64
-44
66
82
60
-62
-10
-90
-71
80
85
-28
13
78
-38
86
-88
7
-51
-14
-2
-80
8
37
11
-12
35
98
-91
83
87
81
-68
-95
2
-27
-29
97
15
-9
45
-98
57
-47
40
79
-56
8
35
-67
-71
-60
-35
42
83
-40
-55
47
-52
-20
-46
87
66
-56
-97
69
-54
-7
-85
95
-36
47
0
41
16
47
-91
-48
77
80
-49
-10
20
49
69
-19
41
82
-39
-28
-29
67
-46
46
-51
-93
7
19
-67
5
23
-24
-30
-48
90
84
13
45
65
-81
-97
32
-58
-43
73
-2
-19
43
15
-66
-48
-92
2
99
-92
-26
-72
-50
-6
-61
-52
33
99
-77
60
-51
-14
25
11
30
-7
-48
47
-27
-41
39
-39
72
-27
-64
5
-57
-31
70
61
-40
9
33
-34
73
33
-57
75
84
61
-79
59
-26
62
-23
-88
-26
-70
-19
21
-52
86
100
59
-27
-45
-10
-89
49
75
99
68
-36
-3
-65
24
-63
5
-40
74
75
-79
-35
-10
-90
-53
69
66
10
-16
-66
58
0
47
7
19
-5
39
87
38
-47
-73
5
-84
-57
-54
39
-97
50
31
75
50
32
-68
-14
14
27
-45
81
52
38
100
31
-81
39
80
-89
65
-95
-17
11
86
42
-77
-71
-97
-5
-9
46
36
-80
-28
-48
96
-42
59
-35
73
23
-65
55
85
74
-62
33
61
-16
-68
-3
-44
-75
-25
-97
61
-74
-93
-30
-88
90
4
29
36
-77
20
67
-80
70
80
94
-29
-98
-91
-98
76
-88
17
-42
89
13
29
72
39
-53
-67
13
-75
-93
-57
38
-63
-78
25
-54
-43
-20
-70
25
-19
-61
76
-47
95
76
77
33
49
-25
-44
9
57
-6
40
-69
9
-13
-64
-79
-100
49
18
19
89
-61
-74
-4
64
58
-74
-99
79
-87
-12
40
-55
-88
-10
9
-56
17
-49
-18
3
-2
44
35
10
-37
32
-47
-43
-87
88
67
-9
-47
-21
43
-40
-83
-4
22
-3
-47
-80
-12
-81
-60
-91
22
11
31
-77
-41
16
-61
41
41
-57
-19
-39
-96
8
90
-7
94
-45
96
29
99
49
-31
58
75
-41
-38
44
92
17
-1
-54
64
83
1
-18
-5
-94
-41
79
64
87
33
-40
-86
-87
94
-43
-10
76
44
-94
-51
-35
57
-58
7
6
-84
40
-1
27
-2
16
-32
-46
48
-74
-75
-84
-44
-84
32
-22
4
-79
-46
13
0
-57
42
88
17
-51
-10
-36
36
77
44
-42
44
-24
-5
65
30
-12
-3
-88
-13
62
62
-86
-77
39
-9
71
-85
-96
-20
-71
59
-7
-95
-26
-39
74
-5
94
-49
29
43
-58
98
-67
-23
-78
42
-91
93
-52
34
-52
-8
10
-30
-92
69
-72
75
8
-48
-47
14
-65
11
38
95
-23
61
73
-36
-7
-22
-54
-1
34
95
33
-60
31
41
83
8
52
96
-62
3
-69
46
-60
-39
-50
10
-18
80
-29
12
49
68
-80
86
8
-36
-96
53
52
-39
80
67
2
-18
-33
-30
21
-41
93
55
-97
100
-16
-47
47
-83
-13
39
32
-33
-51
-78
69
-41
80
-59
-73
-75
83
96
-7
45
-15
90
-13
-93
63
-70
-81
-9
-57
-9
60
-40
39
-26
67
66
50
-32
-63
68
-70
11
13
-6
99
75
-72
-99
53
73
81
56
-50
15
4
-77
90
-20
-50
-18
34
-89
-22
12
-20
19
36
58
-15
-6
16
87
68
12
88
-94
56
26
0
-33
-84
-63
84
33
-49
-89
25
13
50
72
4
18
41
-3
55
25
87
55
-9
-26
72
-71
95
-56
-89
-3
84
-64
-63
62
87
58
-31
-92
41
69
-46
-4
-53
75
-59
-77
35
12
93
-72
-11
-13
-74
-80
-84
46
72
41
-90
-13
71
-54
74
-27
55
-42
76
-72
-93
85
-66
-61
-60
89
-31
-90
16
-44
69
-23
83
57
-50
35
75
-12
6
72
61
13
32
95
3
-97
4
-86
-47
-61
-21
-96
60
64
86
89
-35
-57
-85
78
48
51
29
-64
90
41
99
17
-80
3
48
-92
-59
21
2
-47
4
-24
92
-4
31
-65
-22
-79
-51
-2
-60
97
-58
-58
-98
-73
62
40
-34
-92
-74
99
-51
96
9
6
-19
-9
-39
19
-32
-16
91
17
30
21
-85
6
-10
-33
-21
96
19
-53
-82
92
-66
31
23
-86
-98
-58
-43
58
82
83
-13
-61
9
-43
91
66
-34
72
-15
96
67
-80
8
-57
-39
89
25
98
61
-54
73
-35
88
83
97
-64
49
-71
98
-16
61
8
-39
-90
-82
74
20
81
-80
-28
-79
28
74
-39
-6
-50
-62
78
99
-15
81
-15
-97
63
-58
69
-30
41
-28
-87
-7
-42
73
72
29
-22
-31
-57
-53
-69
74
-26
-84
-95
11
19
74
-29
-80
-93
52
-9
45
39
96
31
88
-89
44
-46
80
-95
-68
-70
-47
18
-7
18
72
-97
45
63
-37
85
-46
-76
-62
-6
28
-76
-93
-12
-70
-57
-33
29
-35
-91
15
-33
63
-56
1
-83
99
-6
-100
58
-98
2
-4
15
-94
-62
-54
29
92
-34
38
-55
100
98
41
50
80
-1
39
-49
-98
49
86
-86
-60
-20
17
-33
11
-66
0
-11
-36
-24
-98
80
32
-62
-65
75
43
-81
84
-39
15
47
99
39
-51
34
-87
-57
26
61
63
85
-35
-47
-79
9
-87
72
58
-11
-20
21
1
66
53
-99
35
-4
1
32
-10
75
76
-49
54
69
23
-42
97
60
-12
16
42
0
-8
80
-91
-5
87
-54
16
-80
27
-72
-78
-69
38
46
-74
84
9
57
-18
-6
20
-63
-10
-58
74
69
21
4
-69
-70
-66
-29
17
87
8
-58
-69
69
80
-3
-87
30
-34
-43
-74
-32
49
26
-78
20
37
-97
83
-17
-91
75
-34
0
76
-4
46
-67
31
97
94
66
-73
45
-20
94
-10
86
0
-76
5
52
-93
-35
4
15
32
-76
-67
-89
-95
75
68
-30
30
-10
-59
56
4
49
-50
6
54
75
-4
-5
-38
-52
-3
-82
36
60
-68
-45
83
99
-100
-7
53
27
13
83
74
22
-85
29
44
-47
20
-67
-73
72
58
97
-86
-39
1
-97
-71
80
26
9
90
-29
-22
49
-44
70
-73
-55
30
91
-94
50
-8
-73
-78
92
-75
87
-94
72
-24
-72
-45
62
94
69
83
-16
-98
72
6
-97
-21
82
-55
36
-100
-48
-24
49
-52
47
-73
46
59
-44
71
27
73
45
-78
-53
-51
17
65
53
75
-17
55
-5
-88
-75
-9
-84
5
-48
1
-17
-22
91
-90
70
57
-28
65
-15
-45
95
-92
68
100
43
32
40
88
90
73
80
17
-97
11
-67
-91
13
-34
8
-81
-77
55
-54
97
-75
-99
-70
-61
77
27
-40
-59
-19
-95
0
14
94
37
37
-95
-61
-53
88
-57
-49
68
-50
-52
5
-40
-96
-64
22
15
-47
-31
-83
20
-34
-29
-95
11
-29
44
97
61
90
44
-55
-60
-4
88
36
-7
63
3
-95
90
-9
80
-87
-97
58
4
6
29
-38
-23
-37
-22
80
-10
-5
95
11
-46
25
68
-8
-52
-18
91
97
-41
30
75
-35
79
-73
10
-97
-62
100
30
-24
-3
85
-27
-21
-93
68
69
-15
-19
-82
-18
-44
-51
77
67
-89
-11
50
-86
21
7
43
-79
-77
82
-72
89
-15
41
-36
59
-65
-26
-16
-92
84
-45
83
71
80
-52
-8
26
-19
85
-5
-60
-95
-61
-82
-88
-9
6
-86
39
-76
-34
-10
-66
60
43
83
25
92
5
-63
-43
58
-72
-31
-56
16
56
21
-82
-94
24
77
100
42
-87
-5
-63
2
-67
-97
-37
-60
41
-89
-99
-70
68
98
-26
42
-73
35
-16
-61
-88
-50
47
-100
-8
89
32
95
55
85
-97
-26
47
71
-49
-2
14
-73
-97
-70
-13
-59
98
89
-59
-11
76
-60
2
-39
69
-55
1
63
-69
-50
-54
-13
-4
-11
36
96
-66
-45
-54
0
23
83
-46
29
40
73
-35
-71
-43
-98
53
93
-28
-82
-69
-67
0
-17
94
-51
-66
91
38
-24
100
-30
-81
23
0
-5
27
74
51
-46
-75
-34
65
-7
26
67
-35
-50
71
-58
-37
-99
12
41
90
-16
-40
-60
42
-80
8
-38
-97
39
74
72
41
34
-9
80
60
-49
76
-63
39
-29
-98
10
42
-22
-87
71
55
-62
-78
49
-40
-86
32
27
56
-56
-94
54
-27
-14
-30
-13
-39
84
38
-85
21
77
87
41
-86
-84
-29
-22
10
-20
-3
86
-45
7
-66
43
-22
-66
-78
-39
94
-69
-64
-81
-4
-44
-84
-36
14
-42
-1
20
81
86
-20
-2
-48
0
0
-50
12
40
84
-58
71
-97
60
14
76
100
25
-1
33
8
14
-91
-56
-69
74
-85
91
70
100
75
69
44
25
-68
-97
-40
-95
48
73
68
-85
95
7
-39
21
-31
5
30
-62
-76
-6
19
-13
57
-26
70
-44
-10
65
-81
80
34
-31
28
-4
33
-82
94
57
-83
90
59
-39
73
-42
-71
16
13
82
-79
16
48
-25
-66
2
94
-100
88
80
67
-62
-65
-45
-15
-78
-21
-10
-53
81
-9
-61
-67
-18
-79
38
19
-70
-10
-54
-18
74
51
-8
-16
86
-14
-85
-47
100
-66
30
63
78
54
-84
-84
-60
-18
15
73
12
55
-48
-32
27
-12
-27
78
26
-58
-30
-49
-56
-14
-36
50
-20
17
22
-34
-55
-39
8
19
26
59
-98
-71
-19
-75
-49
-68
44
-99
-47
62
-96
-8
-30
72
61
84
-50
34
-78
47
-81
93
-14
8
-42
90
44
-93
-5
12
42
-60
1
-42
-24
35
-8
74
97
-65
-69
61
-17
21
-29
-53
19
-93
-86
22
-67
-64
32
-23
33
60
60
-62
-7
95
-70
93
-32
-62
-6
29
82
56
33
-23
39
-52
-41
-12
-22
-7
72
-38
-41
98
81
74
81
29
-56
-51
-39
-14
-1
-85
-32
-9
50
92
-89
33
38
-56
48
-95
57
-20
32
-69
-24
-58
-66
-60
-34
19
-95
-62
-88
-52
31
30
-61
86
-31
-78
12
64
67
3
100
-7
75
5
82
-89
-78
-14
-90
22
98
16
81
-34
-67
74
-35
28
-55
72
95
-25
-35
-62
-86
43
-74
-47
-9
94
-79
22
72
29
92
35
39
40
95
-88
-58
52
-2
16
10
-54
75
65
-96
7
66
60
47
-84
83
-21
-66
89
9
-51
53
-62
-95
72
81
-93
93
-37
95
-42
55
-48
-52
-67
45
-62
-71
-70
50
71
-77
-21
-61
-9
-40
18
-36
100
98
-69
84
-59
74
-21
25
88
42
45
56
95
-15
-68
-38
79
8
-18
-71
-87
-39
-84
93
-40
-98
-18
52
36
-14
-65
14
89
91
57
-33
29
-39
-39
-56
-8
-94
43
24
69
-63
-45
-37
-31
79
87
-22
48
84
-51
10
17
-25
89
76
21
29
-49
-43
82
-45
78
20
80
-45
39
1
-82
-92
27
-90
-59
2
-27
26
-92
58
-45
-27
-27
-80
-69
-95
-18
-34
60
-96
21
-56
98
99
-10
-62
-32
6
44
-99
-19
-18
-92
42
18
25
7
15
-7
19
89
44
81
-70
46
31
29
-34
-24
84
-37
59
11
-4
-49
-48
-10
8
-36
-97
-41
-6
-16
-75
56
39
-45
26
-81
37
-53
57
-67
-61
-5
8
85
-43
-15
-6
69
16
-61
-2
-16
-32
-26
51
96
16
-52
-99
-9
-25
-82
68
53
-89
47
-34
73
92
1
35
2
-57
80
37
42
-13
6
42
-91
76
-89
86
-66
42
86
16
-35
80
24
43
65
74
-32
18
16
-96
-69
5
-32
60
-31
-39
77
65
-31
26
43
-62
-100
-48
73
-4
-90
-53
-15
4
-59
21
87
-19
55
-92
-8
-19
-36
-79
73
-58
-47
-20
-76
47
13
93
-42
-79
-3
-51
-40
41
51
23
-55
66
-54
-88
-67
8
6
-66
32
83
-36
-58
88
-13
39
38
-55
-9
-1
-45
83
73
-70
12
-96
-16
-53
-5
-61
-82
47
-4
-8
-48
-6
54
-39
57
20
12
1
-46
41
-48
17
74
-69
67
29
-36
0
-28
-37
59
8
5
-23
86
33
-98
-68
50
-65
-15
1
-79
42
-19
-32
15
47
-15
78
11
64
76
34
2
46
-89
85
11
6
-51
-16
86
92
76
-94
15
72
73
-74
75
-1
100
-78
-9
39
-86
86
100
49
-62
35
-22
91
80
-18
88
69
-39
-97
87
52
36
75
-49
80
50
-24
26
-38
-14
-89
-1
25
-32
93
-25
-39
-81
-27
75
86
-24
77
12
-7
-97
-28
32
-18
38
41
-66
-23
52
19
-46
-36
-64
-55
-17
94
-24
-48
-50
-26
-6
-12
-3
-60
-20
90
-37
63
61
-25
64
-80
39
28
-39
-19
33
26
20
27
-55
83
27
77
-34
8
0
-5
-21
-89
-92
30
-97
-36
91
-60
98
-49
-31
50
9
-35
-54
-69
-40
-87
-47
17
-88
-96
14
-55
-63
18
-5
18
75
25
36
-15
-94
-88
-7
-99
98
-50
12
50
4
86
-43
41
-67
-29
19
2
66
47
40
-74
-51
-85
-10
100
99
-84
24
-55
-11
58
19
49
-56
-60
3
-71
-54
-51
-35
13
66
77
47
-70
-57
13
-36
81
-23
53
26
13
-80
23
-18
81
-23
-18
66
-34
-81
63
-78
49
-27
-64
8
-6
6
88
53
81
82
-13
5
45
-41
-49
15
-30
-73
71
77
-84
68
-61
-34
25
-13
67
58
71
73
-67
-43
3
35
18
16
-98
20
-26
-23
-82
-35
-31
-66
27
64
-67
56
79
-7
-15
79
73
-53
-64
-86
80
84
-100
53
62
43
-2
-88
-29
-88
28
-22
-49
-30
-91
-78
-36
87
86
71
-27
-64
56
-63
21
84
-23
-28
60
-64
17
88
-89
-51
-35
65
24
-29
44
29
-39
2
82
3
90
-53
77
19
67
-26
7
93
-31
21
90
-43
-72
-100
60
57
81
57
-3
-48
66
-31
-26
-97
9
60
-81
-7
20
-40
34
-92
79
-61
-43
50
-77
28
57
71
-59
-72
-48
74
44
23
41
46
-76
-92
9
-70
48
-82
-48
-52
-79
80
14
-68
46
-58
-81
1
-30
-42
-35
-95
-26
-30
-88
-41
-83
81
-48
-17
-63
29
92
-53
41
-30
89
-85
-42
83
54
3
82
-4
0
42
57
-29
24
-54
23
85
66
90
91
69
-50
51
32
91
-36
-96
73
64
61
33
-12
-95
-48
-4
22
61
-100
16
85
57
-87
-85
-13
-92
27
-43
-10
9
-3
-99
-91
-33
18
9
-33
-95
14
-68
-6
-74
14
2
-54
-91
-79
94
-85
44
48
34
82
82
57
5
15
-34
-55
70
76
98
91
-72
-46
-86
49
-25
-21
2
-62
-93
42
46
-68
40
47
-15
18
52
-55
21
-39
14
-51
-57
-30
-53
-55
-40
37
-20
-99
-17
86
5
-25
-73
13
35
-15
75
0
-38
-9
91
-92
-20
96
84
37
-8
-9
18
53
36
42
21
58
-85
4
55
-23
-43
-21
46
-35
-6
80
-10
-100
32
-89
72
68
-31
49
37
-58
-3
-5
46
84
-24
20
-14
-47
-37
-29
-22
-26
32
1
90
13
-82
0
-12
-88
-56
17
83
-55
4
93
-48
-62
75
-88
23
0
31
48
22
-85
-48
-20
38
4
30
-40
-84
-95
-1
48
-62
10
16
-40
40
35
-78
8
-86
-98
-66
59
-75
-38
-27
60
-52
-46
52
79
44
31
88
-61
-93
-98
72
4
-7
69
68
-77
-54
39
-54
-63
60
64
91
50
-92
-90
-7
-72
-46
7
-28
-58
-33
34
-70
48
84
36
-60
-79
18
20
-9
-99
12
43
-75
-76
-25
-71
98
24
86
63
-96
19
12
-96
46
-74
30
-38
-27
-33
-19
89
0
-20
5
90
53
72
15
-38
91
-30
-10
-39
40
-34
-37
34
84
37
72
-65
-54
34
21
82
66
-82
-76
64
-19
-100
-65
23
9
-27
83
-21
-44
-93
-28
-46
99
-71
-71
93
91
-50
81
-49
89
97
-46
-12
-58
-44
-27
88
78
3
-96
81
77
-98
-65
74
-36
27
-92
-88
38
-33
-75
-60
98
55
7
-63
16
-3
42
56
87
21
31
100
65
-44
-6
97
-79
70
-80
31
-13
34
-68
42
42
54
11
-47
-86
85
2
-8
-44
44
9
5
-57
-53
23
-62
60
3
-90
46
95
35
-84
-62
-85
95
26
-36
-10
-62
17
92
-2
-86
98
3
-16
56
-2
-22
23
-22
-53
-59
-11
-34
84
-5
94
58
49
-19
-53
69
-93
98
8
24
9
96
45
-10
48
24
7
-15
-63
-15
-9
-5
24
9
-49
-14
66
77
33
-17
49
-100
74
-3
46
-35
55
0
67
-72
70
-33
72
-22
-84
33
75
37
-60
-40
-86
61
-34
-52
-51
82
10
68
22
61
-29
43
-39
92
-44
69
45
52
77
43
44
75
-57
-31
-54
27
15
18
91
75
98
-25
-52
-99
95
65
-30
-84
29
62
-23
11
-21
-49
23
74
17
79
4
-4
86
80
-64
-92
28
-25
100
11
-30
-5
-29
66
86
-65
-15
-13
77
24
-27
49
-79
75
-30
-54
-20
-42
95
10
-85
-9
-44
32
79
3
86
-68
-37
26
-69
89
-29
-36
-97
-30
-69
6
27
-77
-13
6
61
-29
-68
87
8
23
-59
-4
23
97
-49
62
-70
-22
-60
-36
52
-77
-38
49
-20
-92
30
-57
67
-11
-18
-1
97
93
-18
-31
-9
-8
-14
89
-75
-69
81
-77
57
-19
-65
65
53
-9
-8
64
-7
37
49
-32
70
-56
-33
-57
62
33
-73
-45
99
21
-31
-97
-75
41
-30
11
-31
74
-91
54
86
-30
74
-58
39
-2
58
46
53
23
-74
-66
-26
-66
-53
-17
-4
-49
78
93
43
80
-6
30
79
-24
42
-46
-75
68
30
97
-88
52
88
58
63
89
4
-30
20
-8
-15
-42
5
68
-28
38
-21
31
68
40
-46
-17
-49
86
47
-77
-19
3
77
14
25
2
7
35
27
18
34
-70
-40
50
-17
84
36
1
79
-14
92
57
-77
-85
-81
99
74
-31
13
54
-93
-51
-19
-77
-94
9
25
93
-1
-49
-45
-71
-42
85
64
-45
-85
-18
98
-93
31
69
-26
-79
24
35
91
23
73
-33
-9
-30
90
-65
-55
-23
-51
-96
44
-83
73
55
-10
53
8
-74
45
86
35
-53
42
48
78
-96
-63
-78
-22
-29
-94
36
-58
29
-47
-12
22
-67
75
31
-35
81
13
65
-71
-43
62
-68
-59
-53
-66
-57
21
-7
-82
-21
-62
70
-96
-98
-1
-15
-4
-16
2
17
81
11
-70
90
92
-77
-20
-34
-22
13
-52
67
13
-85
40
6
8
-44
-99
-70
-59
14
-38
79
-86
12
-6
-20
38
84
-84
-43
-2
-73
-18
91
-71
-14
47
14
-1
19
70
54
48
78
28
-92
-43
17
-28
33
-25
-56
-40
-24
48
-7
90
-61
-93
-10
7
-97
-93
-43
46
-90
21
-53
52
58
-95
85
-58
-46
-59
58
29
34
-85
-51
14
-94
-65
-92
-39
84
-67
-60
-38
-84
-91
-71
-17
-2
27
85
92
73
-75
-59
3
79
-12
45
-38
-88
-79
87
65
-39
1
11
-24
7
36
100
-77
-58
-2
14
-22
-25
-85
-67
-57
-34
85
-97
18
56
50
95
59
-23
-55
-35
81
-20
85
89
50
31
12
34
-44
-72
4
-88
-86
-40
24
8
-98
-24
-42
-3
-92
90
34
2
49
55
-99
56
16
-88
-66
68
98
-37
-19
56
-30
-26
-59
-95
34
-76
-42
83
24
9
-12
95
-73
69
-84
-78
-13
-22
1
75
45
-88
-83
-23
-76
69
-12
57
81
69
68
-53
-31
95
81
37
20
29
19
88
-22
60
-2
-60
-42
-96
52
-17
-72
47
64
-10
31
-81
-68
96
70
-52
-44
61
-39
-1
51
66
-89
-7
-75
60
6
-13
71
72
-53
-87
-59
-62
-51
-11
-32
-52
14
-55
46
-54
-7
-93
22
38
-14
88
16
-31
23
65
-32
36
93
88
73
-74
91
99
75
88
-37
97
-51
-80
-80
98
-72
-19
13
26
-14
-34
84
-88
-60
-3
34
72
-94
-33
-12
72
-85
63
-51
2
82
-19
-33
84
-7
35
48
68
-86
63
-31
31
63
-2
-19
88
74
18
-87
-91
27
-18
73
-7
-73
-93
73
31
94
-47
-35
9
-16
10
44
-25
-17
95
19
-97
30
-48
-71
-66
-45
12
-41
35
-23
81
37
-98
38
-5
-89
42
9
97
-36
62
-63
87
77
60
40
-88
53
-24
94
-68
61
21
-41
35
-30
-44
-46
48
98
51
-48
-51
-58
-29
60
-58
60
-16
-95
-82
-10
-41
68
4
83
49
-50
-18
79
26
-38
44
55
89
52
54
21
-94
-20
22
40
-38
26
-94
-28
82
-35
-58
-70
41
-90
-61
-40
41
-61
-41
83
84
-77
61
79
-80
-52
-92
-2
44
-73
20
81
79
19
-1
-49
-21
83
48
67
-51
82
75
94
85
-92
-66
-23
1
-84
-75
-9
-80
-1
-44
-14
-1
89
72
-79
-79
81
-14
19
91
-54
32
-76
6
68
-52
40
34
68
-57
-85
-2
-3
23
15
67
-6
69
55
-74
-91
-56
-76
-32
34
-73
25
1
-73
0
67
-76
-56
0
97
-26
-14
33
-15
-83
71
61
3
0
27
-62
47
60
-67
3
-61
65
13
-1
72
-5
-14
17
-3
62
12
38
-71
21
11
31
-25
44
-3
99
95
-40
-81
-36
-73
28
98
37
54
97
35
-62
-57
-67
74
41
4
19
11
-94
-90
-47
-11
-25
4
-24
37
-3
9
61
1
28
-27
74
-7
36
-82
-72
8
18
58
66
-30
70
24
-6
89
71
45
25
-15
91
46
-93
-74
96
-29
-18
-94
-11
87
-46
-57
12
-35
-22
-65
-15
-60
92
68
83
77
-42
-39
-81
-18
-31
-10
88
-10
-30
-16
-79
100
-63
-60
40
-84
-26
26
-93
-58
44
90
35
-2
43
68
95
-39
-20
-1
45
-84
-8
-21
83
-26
8
-3
-32
95
-59
-97
84
8
85
-98
-66
-38
40
29
0
-75
2
-49
-1
-98
-86
2
-46
18
14
91
2
-14
72
-57
-75
-41
-6
-24
-44
92
-56
93
41
69
4
-50
-42
16
-45
-85
36
-15
14
-95
-82
-33
63
-78
-22
-94
-50
-53
-4
-36
11
-71
-48
-1
-53
-7
80
-72
57
-86
-55
-71
1
81
45
-65
-57
-33
77
-8
-87
-59
22
6
-99
-4
32
99
50
-56
-78
48
-43
-77
19
-87
91
-91
28
-27
69
92
-10
77
66
11
4
4
63
-81
82
-80
91
33
-30
-29
20
84
-43
9
-81
38
-95
60
6
34
-50
-25
-28
-82
-91
-12
80
100
-48
59
-77
82
42
-5
-92
93
-9
72
-94
12
-95
-4
86
70
62
-96
31
85
47
-22
62
-15
28
