-78
-25
64
58
3
2
48
-100
-90
17
42
-92
76
87
-44
-85
20
-38
-59
-92
79
-26
66
57
-16
-59
12
-12
52
-99
-26
-86
-92
33
31
-1
-61
-30
47
100
-47
55
-79
-83
61
-78
-97
8
22
78
-37
27
-13
-76
97
-43
35
-8
-34
4
24
67
63
23
10
87
-87
-61
13
-92
-39
-24
-98
71
-36
-100
-10
-50
49
-5
93
25
10
-8
99
-25
71
4
40
-29
30
-30
64
89
38
-90
6
68
13
-46
-27
-50
99
28
-3
69
-16
61
16
75
-91
-59
39
27
-52
79
-88
86
-94
14
99
14
56
-63
-72
26
59
60
15
75
-56
5
-60
-92
21
78
-33
-52
-37
48
9
36
-62
91
71
19
97
38
94
-70
-36
-2
-26
43
-87
-8
28
64
50
-9
41
-17
65
-2
47
2
28
-60
-44
-32
-63
-24
71
55
-84
92
-88
-90
92
-12
-8
49
-68
44
-57
-22
62
39
31
42
98
-82
31
40
-4
-44
-40
-23
32
18
14
2
58
46
36
26
10
90
68
-90
-50
4
-50
29
43
-30
-96
-44
-29
-82
-98
72
25
77
-50
-29
-12
76
-54
-77
-71
83
-55
14
-9
-78
-2
18
87
-66
41
-94
-98
-31
-59
-68
35
66
52
-57
-2
39
-38
23
96
55
-48
-37
-97
-71
46
69
25
43
42
-25
69
36
-33
53
-74
96
60
-60
89
-36
39
5
-12
-13
70
33
-97
-13
14
42
-87
-91
-17
71
10
-63
73
-71
-97
89
19
97
74
4
96
-19
38
-72
78
-28
-24
-94
-18
30
-91
80
-39
46
13
-70
46
94
4
38
-92
49
61
5
-12
18
-55
69
0
79
-62
3
51
-28
-77
31
-59
-74
-86
-21
-95
-4
-84
15
-99
71
-85
40
64
-33
42
-100
80
-74
-7
90
-45
39
-28
49
49
82
-67
-34
-46
-1
83
-2
-5
-28
-23
89
-1
-72
-11
89
86
-100
-91
-21
40
-98
-82
-89
-41
43
80
-21
-21
-78
35
-69
16
-89
-32
-45
-82
20
-21
-49
19
14
-98
-87
-33
39
-61
-2
-80
-14
22
19
-15
-42
32
68
-84
94
60
64
-30
-76
-37
43
84
83
32
-53
87
76
16
-70
-33
12
-50
-59
-31
55
83
43
96
-8
-51
-59
55
17
68
34
65
-93
93
-95
18
-70
79
-32
75
66
45
-4
17
59
-56
92
93
29
-14
23
87
-23
-71
74
-11
68
74
52
-82
71
68
-16
-8
80
10
28
92
-80
-21
63
46
85
72
71
-4
55
-85
-85
86
89
-75
20
5
94
-34
93
-58
88
-19
-97
-58
-12
94
-97
13
26
-44
82
-56
-30
-40
-78
-47
64
27
94
12
89
4
-48
83
-1
-68
75
-95
6
-24
-11
57
44
18
-74
53
66
-91
44
25
45
68
-73
23
8
94
20
-77
-69
-15
-17
-52
56
91
73
-40
85
79
4
98
15
53
58
-70
7
70
-94
40
24
63
-14
-17
71
-62
83
29
25
-92
5
-20
-87
55
-25
-33
-3
74
-73
25
-28
85
-81
68
81
-76
-77
59
48
-93
33
-40
35
-45
58
-46
51
-78
84
-96
76
12
30
-44
74
-25
73
78
82
48
-88
67
-69
36
67
-43
-9
75
37
100
79
17
-61
66
66
5
47
-2
-25
7
-27
13
91
75
90
21
-42
-65
13
-33
77
-40
-22
-76
-12
11
83
16
16
-93
62
67
-18
3
73
-14
84
-74
-4
-97
-66
4
80
53
-63
34
-11
77
71
-49
32
-55
3
-80
44
-64
-65
52
-85
1
47
42
-74
-5
5
-28
46
68
-82
-47
-88
71
-22
-81
89
31
17
-10
-88
72
39
32
1
-13
-52
80
25
4
-20
-76
-80
95
-54
60
43
65
-22
-49
13
-22
55
55
-72
-25
-6
8
87
37
-81
56
57
40
-27
39
-87
18
-40
-36
58
-72
90
13
-94
33
-43
-4
-38
-30
-35
15
3
76
76
-89
-9
-91
-87
-18
38
91
-44
-81
57
6
23
-20
24
80
-36
-22
99
26
-28
96
6
59
63
68
-54
89
-31
-32
-33
20
21
44
9
-19
29
-90
-40
-89
1
-85
93
73
2
94
-15
-60
17
-16
-55
93
95
-44
99
27
69
-73
30
1
-28
76
42
74
-36
37
9
-90
98
-49
-96
-95
-9
3
-6
-24
-55
-48
49
89
-13
95
90
43
-9
-9
63
-56
68
-55
-47
-84
-34
-8
48
0
4
-23
-74
99
36
-45
-67
72
34
-41
79
57
-68
97
-42
72
88
54
-32
40
89
1
-47
-82
60
-31
25
48
68
-32
92
53
34
-93
69
-18
-74
23
34
25
91
-70
42
-94
-18
-82
-74
-20
-59
-18
-36
98
40
31
-82
22
82
30
80
-43
1
90
-23
-1
40
-48
33
-61
-79
39
21
-12
-80
97
-64
-78
-19
-34
-33
71
-91
-84
31
42
-12
57
28
24
-73
-89
86
-10
-16
-85
51
79
-4
57
-54
-27
-47
-64
46
72
-92
-1
31
-26
90
-28
-85
96
-32
84
80
-44
-46
70
55
-11
-53
-85
-95
24
80
68
-36
76
43
-62
63
-41
40
-2
100
35
12
44
40
73
-17
91
76
-100
6
37
-75
-74
-21
2
59
-42
61
1
17
-52
16
54
2
25
80
27
-67
97
61
-47
68
71
-70
69
37
-91
96
78
98
87
100
-51
-99
-42
-57
-62
-29
59
-30
-11
-8
32
23
86
-91
-77
2
-21
26
84
-65
9
-80
81
-33
80
-75
-53
-66
67
-12
-40
64
-78
66
-81
35
-70
-6
61
41
-35
35
100
66
9
53
67
70
-57
74
25
-36
94
-14
4
-40
-90
66
83
-14
-86
-2
-6
61
-78
64
-41
-89
-82
78
17
28
-30
28
-81
100
43
97
-24
-73
-83
-7
-94
8
-8
22
-57
-21
-33
-83
-36
-44
-62
25
51
-6
91
-9
-94
17
20
12
23
59
-28
-53
-58
96
24
46
10
83
-84
43
-90
-55
51
81
100
-28
-53
-83
9
-68
7
-5
86
-3
93
-81
-69
-66
26
-100
-26
-59
96
11
-51
80
58
71
64
-35
38
16
64
-73
13
12
-80
91
15
1
-89
-91
49
70
2
-63
-3
4
-31
-26
-100
9
-71
-1
-100
20
100
-17
-41
-84
-46
18
31
-81
-69
-100
-34
-34
-85
10
-80
-80
99
-99
52
27
-37
88
-94
-97
-62
-20
99
82
89
-21
-10
-73
-5
26
-65
-47
-63
-48
-33
86
9
-54
25
94
-4
-69
-76
-33
-1
-59
98
77
-49
-42
81
23
-12
-6
-79
56
-90
9
25
-53
49
-73
98
80
-34
-81
70
-67
-11
7
-10
51
-18
53
-34
-43
-18
29
-77
34
11
57
-34
90
-51
-8
-47
62
2
-33
-51
-39
81
-30
-58
78
64
-36
1
44
62
-21
-87
2
-80
46
-29
-28
41
40
33
70
-99
89
-88
-39
-68
-65
-9
-62
96
-1
39
94
18
14
-14
78
-21
-80
-46
88
84
-63
-97
-26
13
78
63
57
57
-46
-1
63
-87
51
-9
64
5
-59
85
49
-6
47
-87
78
54
48
29
80
-31
93
38
34
70
-90
-92
79
-85
37
-92
-16
-47
-89
66
79
30
26
21
-61
-34
99
24
27
16
94
-100
-11
37
-61
-11
20
-77
40
28
-69
92
-82
92
-81
15
-12
75
-80
-61
44
52
6
-52
-57
74
26
77
24
30
40
51
49
64
-68
1
87
13
-15
-26
-79
-47
29
-5
66
-6
-7
-43
37
28
-47
20
-58
-90
43
-4
-61
95
10
14
43
-37
-83
-98
81
-81
-74
-10
87
0
-99
29
-10
-52
52
64
-98
58
62
-21
45
-87
60
97
-75
55
-42
79
-37
-36
53
-62
-94
-74
-31
-21
-95
-77
91
-62
-31
-6
71
38
-58
-47
93
-39
70
96
45
93
-75
4
56
-57
-17
79
-93
75
33
-25
16
-65
67
-69
-38
-25
99
78
94
-66
28
-24
-17
30
-100
15
66
-54
-57
-74
-45
-68
-14
25
-26
25
-21
-65
-78
-41
-52
-89
45
9
-22
66
-41
88
51
11
-92
-94
8
0
1
-81
-40
-59
76
18
-86
88
-46
28
0
17
65
40
27
-8
-26
-14
-7
-55
-89
-33
90
-63
-58
41
88
-54
-27
12
-83
-17
76
72
-69
30
-10
95
-37
-74
55
-46
80
6
-11
91
-96
81
-41
62
-16
84
-64
43
61
-60
97
-44
97
91
-31
92
68
-12
55
84
-92
48
7
-19
-83
-82
-5
-5
-66
40
85
-45
51
93
83
5
-18
28
-67
-86
98
-78
44
-86
17
93
36
5
-90
61
-64
33
79
19
40
75
-46
-76
-31
3
-43
78
61
-67
4
0
66
-74
4
-38
12
78
-74
-13
-32
58
-85
16
-38
67
-62
-88
-59
-31
-15
-19
69
-33
-26
44
40
-34
55
-48
66
74
-8
-92
15
-40
71
80
36
94
48
7
-10
22
36
41
-2
86
76
-14
-78
-34
-67
-2
-94
-17
-45
0
-64
-58
5
84
-31
-67
11
-83
34
74
-20
-47
2
92
77
-1
82
68
-90
51
53
-82
81
34
75
-1
-66
-61
21
85
-94
29
-5
-40
76
-52
81
-59
-19
-44
-66
-7
22
-39
-10
44
-58
-11
59
-21
7
-79
59
-74
-43
100
-55
78
-51
-40
47
55
-70
17
78
24
-72
-64
4
89
-36
7
-96
48
55
52
9
-60
17
89
-77
-4
79
-4
79
78
41
15
47
-5
-23
-79
23
-29
-20
-98
-40
46
-25
46
58
-91
66
-64
-66
51
-27
67
-72
2
36
91
29
-31
-97
-87
-43
48
-90
55
-45
1
-38
-76
7
-5
86
57
21
60
-88
49
7
39
-34
16
5
0
99
-57
-37
-82
-12
40
33
-57
-57
70
44
-95
-2
97
95
2
-27
-40
22
-100
-27
7
-15
26
30
66
59
11
1
-58
14
-27
-81
-23
-33
-48
11
44
83
-99
-30
12
-50
6
-61
-46
-96
-31
-64
-34
-63
-10
84
78
-76
53
6
5
-81
50
-75
34
-18
47
70
92
34
92
-100
88
73
-45
-50
36
-96
86
72
72
34
12
90
-69
-41
-20
36
-83
-25
70
72
-22
-79
-30
15
-61
-35
-41
-74
34
-70
-35
-55
58
20
30
90
-90
-65
-12
-74
-97
54
-51
24
-36
74
38
47
45
13
-1
47
-28
-76
18
-93
-7
-68
-27
18
55
-92
-80
27
-50
-71
87
59
88
43
50
92
24
59
-45
-7
-92
62
-99
27
-80
35
15
92
-69
54
-44
98
7
-69
48
-6
-16
-59
31
-66
-57
51
10
11
70
54
-62
-88
58
-64
25
37
-28
-97
20
4
1
90
-5
58
18
30
35
10
50
-32
-70
-80
1
84
73
68
67
-15
73
59
-94
27
-57
-46
-21
77
52
-94
-74
19
-18
85
-48
-37
60
32
70
-13
29
38
20
-37
-57
7
67
-29
-43
-23
12
64
3
-4
100
-27
20
99
-38
-39
-95
17
-81
-69
80
80
-69
-48
-86
-29
-72
23
-61
-3
-79
-64
88
21
-53
-8
-40
31
84
49
-58
23
31
-16
85
66
95
94
-41
-81
-66
18
3
36
-35
3
85
84
39
77
39
-35
-2
91
67
-38
95
-11
-53
-85
57
-33
-53
88
-24
57
80
-78
30
16
43
-76
74
-8
0
100
10
-62
49
-9
-92
-90
21
84
8
-94
-57
-98
25
13
-41
-43
-79
26
-28
81
-59
-16
6
-63
61
46
-94
-47
-27
-93
-61
-31
-31
-37
34
13
-74
-90
14
25
-8
-64
-81
-60
41
27
-49
-41
82
42
-10
-52
-14
-36
-45
-15
-93
96
60
-17
-9
99
-96
48
29
-31
-20
-32
-58
31
57
51
43
72
-1
-6
63
59
88
74
92
-43
-73
1
-70
-27
87
-44
19
39
74
59
20
-9
-32
-67
42
46
27
-14
-58
-83
90
-36
32
47
-27
-13
1
-7
79
-76
100
26
12
3
17
13
-69
-50
95
-10
66
-40
72
-16
31
-77
85
-1
-15
-97
56
-14
91
-82
-51
73
99
-74
57
-65
-11
-85
6
-34
79
-93
-38
69
-41
71
35
46
10
-4
38
32
55
-50
9
77
-24
-34
92
-65
-16
-52
-55
-40
-84
11
-5
17
-66
71
-86
-83
-26
-15
47
97
20
-25
17
18
50
-24
28
65
-13
33
11
40
-1
-13
30
-36
95
40
84
-89
30
-97
-29
36
82
-12
-100
-83
2
-45
-67
-1
6
91
99
68
80
-6
86
-97
59
70
-98
25
59
-19
-76
58
-42
79
41
15
-65
-82
23
-99
-48
61
-3
21
-38
-73
-5
85
82
-83
74
-22
54
-24
-77
-8
43
32
61
88
-60
-50
-88
-15
98
32
36
83
65
41
-12
-80
13
-57
97
42
-89
78
-5
-71
-90
-17
-90
40
94
-35
65
-76
-26
23
-22
79
-98
-11
96
44
7
8
-72
-44
-38
-9
-18
-7
46
-50
-12
22
19
-78
-64
-13
-30
-75
3
-96
67
7
3
85
-93
-62
63
-83
-47
51
63
-25
36
67
58
-16
-16
-42
42
-76
93
-59
30
-2
88
34
-73
10
-68
40
-63
55
70
13
-14
91
9
-84
6
-25
-38
61
23
-32
86
-76
-61
47
90
73
37
48
55
-92
64
-84
-5
75
-78
-49
-49
-21
-28
58
94
-31
31
49
54
6
-4
-3
84
-49
51
-99
62
77
-24
66
-60
-64
14
-82
51
44
44
69
11
40
-28
-74
-12
39
68
-40
-27
72
12
76
92
-27
12
26
-98
-51
40
-75
-4
63
98
-21
-41
23
6
-80
35
55
-9
2
10
-67
77
68
45
53
-54
-30
50
-72
8
-29
-25
-97
63
-4
-71
26
-7
51
-96
-92
62
-71
-2
77
-50
-25
29
-32
-6
-19
-48
-77
71
37
-10
22
-26
-33
-27
-4
-92
72
13
-71
19
38
-34
-51
-89
80
44
40
-52
65
52
18
-48
90
-48
62
-11
91
-54
36
94
-42
67
-86
53
89
-34
-19
93
-32
88
-17
45
-43
44
70
-59
91
59
-26
-73
30
49
71
47
-71
4
-30
-45
-74
34
74
-42
-92
44
-28
-72
23
-42
-72
-46
26
0
-67
77
59
-92
-23
35
24
53
100
-53
28
-37
-55
-57
20
86
1
-88
55
-36
-91
-99
75
-89
68
-16
6
48
-92
98
68
-94
54
66
-53
9
-20
22
74
-79
19
78
-31
-82
-10
40
-85
-93
-14
98
91
3
2
46
-10
48
-10
-42
-70
91
83
-78
-83
-91
-33
85
-44
-17
97
92
-90
-15
61
100
0
21
-32
-87
62
55
-3
21
-73
-21
18
-36
26
-81
15
18
-45
-2
-58
-64
63
-41
76
-7
-72
-19
-81
26
-32
98
87
82
29
-11
68
-2
4
49
-65
-82
100
11
93
82
-11
91
-85
-37
19
89
53
-60
98
-85
-6
-71
-21
-53
79
-66
15
-16
-49
34
11
-60
-65
-51
99
-9
-90
58
-55
72
99
-92
57
0
-38
-74
-51
-5
-28
-81
-11
-94
-22
-6
-74
-72
67
-46
-76
0
-72
23
-11
90
-78
-50
-62
-28
56
-17
0
-94
-88
25
-66
85
9
32
67
-89
18
37
-68
8
40
37
60
69
-90
-71
-46
58
5
40
-3
21
6
18
-9
81
-26
-28
33
-55
86
40
30
21
-54
36
-43
-84
78
99
-22
-64
-76
54
10
80
-79
83
-31
19
-28
-74
89
-59
-23
-55
55
-41
66
-99
-9
58
-91
24
74
55
25
-97
32
56
50
-34
5
17
-30
64
63
8
80
20
22
-61
-69
39
75
-97
68
69
70
87
22
-98
96
96
47
-88
-51
39
1
-13
-87
18
44
-48
-34
-77
46
-23
43
-90
-67
-15
84
97
-34
54
36
80
-40
30
-53
-98
-6
40
32
-83
-80
-74
78
64
-85
-2
83
-40
29
6
76
-84
-86
-3
72
-78
-42
18
-88
-86
25
86
89
-95
54
-52
-81
-98
51
-27
-88
20
-61
-37
16
-54
47
97
52
-58
96
-16
-97
-28
99
82
85
5
18
6
28
-39
-54
-1
70
62
-85
-43
-2
-25
-60
27
78
98
13
-91
56
84
-80
-42
97
63
-25
59
-3
-68
-54
-61
-73
-64
55
-38
-7
3
60
-27
-88
-52
84
28
97
-47
-21
-13
-14
-2
13
59
94
-44
21
-55
43
74
-20
51
75
-57
80
-5
30
50
-15
-68
-2
-73
15
55
50
-12
-64
-1
6
31
30
14
-94
-94
73
92
-36
-1
-86
24
0
83
-12
-60
-87
-18
64
52
-1
-83
-1
-9
-30
-56
-82
-1
9
57
-66
-51
-12
22
85
57
32
25
-3
-14
-51
-96
29
41
33
64
42
-8
-17
65
-1
-95
60
-27
13
-11
10
-79
-6
-52
-31
-66
-23
-5
36
21
70
64
-91
95
77
32
-5
56
-86
-2
-57
-46
-23
58
46
-36
-15
43
1
9
76
-60
81
57
58
57
-22
-13
31
-31
91
-52
-84
-50
63
10
33
-97
48
-1
-8
-21
-68
-73
-41
-90
56
-90
-42
-2
17
45
-2
59
23
-16
-94
25
97
90
97
9
84
80
-14
-65
28
-99
78
-94
10
33
28
-79
10
59
33
87
83
89
-52
34
-97
87
80
88
-13
-28
-25
88
-92
13
-47
75
47
88
-91
-54
81
36
57
63
85
53
-54
-11
58
-61
-41
65
36
81
-16
48
-94
-11
64
19
-76
-31
-12
-42
59
61
74
-82
-19
-99
-100
30
67
42
74
-49
-7
99
-74
54
43
-72
-86
-27
-27
-29
-20
92
-4
11
-11
-44
28
-87
71
88
73
-3
0
-17
-90
69
-45
39
70
74
-9
-1
47
-66
-11
56
13
-77
92
-68
-81
-60
87
-89
6
0
99
57
96
-44
92
1
-93
8
-11
48
96
97
24
20
26
-66
2
-56
82
27
12
-36
-37
-28
66
-89
93
12
-19
-48
96
-87
86
8
52
6
81
-21
-75
-46
17
-29
-97
57
-89
-31
56
27
-45
59
63
64
-29
-96
-63
-39
-70
23
4
-30
-18
-87
-31
11
-69
5
67
-60
65
-35
-6
9
-4
95
-17
-85
43
-18
-63
51
45
83
86
-9
4
41
54
-7
49
-52
36
-72
4
-89
70
-57
-26
63
40
7
-40
-5
97
-54
95
-88
24
16
-43
38
89
63
-94
48
-76
55
-58
-91
24
-28
89
67
-61
44
-28
93
-45
-88
43
-39
0
-86
84
69
33
-81
-90
4
3
-4
75
-10
-32
-17
-63
6
-11
-25
-77
-9
29
-43
93
89
-80
0
-20
19
-4
12
69
55
46
16
97
36
41
46
-18
-53
-35
-2
5
75
53
77
-69
52
51
65
-81
-73
-51
-18
15
76
80
-6
-19
7
12
99
-57
29
-83
87
-68
-8
-46
22
-57
-69
46
-56
45
22
-69
88
-46
76
40
-51
-71
43
-3
56
-84
0
58
-30
-49
-17
-51
-30
6
20
-22
-94
85
-70
-49
81
-40
-40
54
-99
-7
-11
18
42
36
-79
85
-48
-11
76
-99
-66
100
-100
-46
60
-13
92
-50
-6
26
82
27
-53
20
30
-49
87
-85
2
-65
96
-44
-41
25
91
-28
-8
1
77
65
-25
67
77
-35
-12
-30
-37
81
-59
-57
95
-1
-94
-98
68
70
-21
-13
19
-19
-12
2
11
-1
-65
74
22
-48
-18
-78
37
-65
74
41
-63
-6
24
-28
79
-98
11
81
38
-77
27
-41
5
58
-54
15
78
-4
-54
-75
-54
-27
73
-6
31
-65
-25
-91
100
-67
11
69
-63
48
60
-29
-61
69
23
-47
-33
70
-26
-59
30
83
99
26
-27
-97
-8
9
76
41
-20
70
-49
-71
84
80
40
46
-81
35
37
-85
-3
38
14
11
61
33
-32
-76
-54
-92
24
97
81
-70
-28
-9
100
-74
-40
69
94
-2
-14
-19
4
26
-16
68
45
68
68
21
-39
-3
15
44
-62
-93
-64
22
59
-48
36
-14
29
-72
-77
-85
-21
-78
83
-25
-51
-33
81
79
-23
99
-44
-12
9
81
42
67
46
-5
-99
-9
-70
20
-49
-53
11
54
-88
-13
-3
-30
96
-68
23
49
-29
25
0
-60
11
46
51
-65
23
-19
67
-95
-28
-50
54
-50
-72
12
89
76
-25
53
-4
67
-75
-24
-11
-50
97
54
66
-12
68
-17
47
-7
37
-34
42
-57
-79
50
31
-56
68
89
-81
-97
52
47
-8
84
46
-65
-95
-76
-64
70
4
29
53
-55
-99
32
31
-68
31
-33
-4
23
57
-47
-4
-69
-87
-63
22
-94
-65
31
-14
60
20
16
-7
62
93
99
-89
16
-82
45
37
-100
-10
-95
45
73
-88
29
62
58
22
-98
1
-75
-28
-49
88
48
-23
-84
-2
68
30
74
69
85
-59
83
-26
28
90
-36
38
12
-99
-16
63
37
-95
-100
-29
14
72
-100
59
-29
36
51
81
21
-82
60
-57
32
-67
72
32
63
-6
-22
37
-84
14
5
-77
16
75
-44
96
-3
75
-87
79
0
-36
-2
68
-33
84
34
-4
13
-34
25
-29
-58
-100
9
-58
45
-49
-18
62
-61
65
85
27
34
-39
52
-66
-92
-23
40
60
-70
56
84
-66
-39
20
10
54
-46
54
-13
99
-66
-77
-33
-22
-16
31
45
40
8
-13
-96
9
-60
15
30
-5
-28
58
87
26
-9
-80
-29
-7
-69
13
5
46
-25
-99
-16
55
22
71
29
7
29
-71
15
71
16
64
98
-21
40
-83
37
-80
-83
14
-19
72
35
58
29
78
11
-59
-2
81
67
62
-63
46
-3
72
17
35
84
23
-5
65
-42
5
-45
10
-9
-23
47
-88
-87
-97
6
-85
68
59
-48
60
-73
-40
79
18
83
73
-65
-14
-84
-64
-66
90
14
78
-81
90
87
-78
75
-5
30
-53
29
-42
-20
46
6
-14
-7
82
7
47
30
-49
-65
83
73
93
-24
52
-76
77
-79
-38
82
-48
0
-21
92
35
63
68
-83
29
-10
-43
-51
60
-62
85
-35
-83
-2
-44
-99
-72
53
33
28
3
-83
-26
93
73
44
78
-53
35
1
36
-40
-21
-17
55
85
-66
83
2
-56
10
-58
-47
-16
20
38
-35
33
1
66
3
42
72
-83
10
92
47
55
-81
56
73
-11
-7
84
-5
33
28
5
-38
68
45
50
-17
-73
-75
-22
39
72
-36
-68
94
-87
-82
-25
-30
-48
-93
27
28
-68
82
-58
50
-95
-77
37
-76
-87
71
93
99
6
-90
85
79
82
41
0
65
-5
81
-14
65
10
-84
-52
37
-26
78
-92
71
-72
28
85
-18
-46
-74
26
-14
72
0
16
-59
-32
-31
84
40
-62
45
87
-78
-51
-29
95
-73
58
99
49
18
63
13
12
96
-16
-34
-39
46
69
-56
67
69
22
81
-72
11
54
20
4
-87
1
0
69
-30
62
13
45
79
-48
13
90
-16
78
32
67
55
-50
-69
72
49
41
-41
-50
-21
67
-42
33
23
40
-96
-19
-81
-60
-80
58
20
-91
5
66
-21
100
45
36
25
46
-75
-88
97
-72
80
50
28
28
-79
-97
-72
-98
54
-11
70
46
-56
-61
-40
36
-7
38
-14
-43
-52
-89
-81
57
-79
61
-79
99
5
-4
78
82
7
100
-24
-66
-92
-14
3
67
-10
94
-82
26
100
28
-56
-10
15
-83
71
95
19
-91
6
37
2
62
-48
100
-55
-87
51
25
56
-36
-55
-16
-20
74
-7
42
-52
77
38
-31
-87
70
-49
-45
-87
99
28
35
55
12
-84
69
20
-19
98
-100
81
73
20
-44
-47
51
-98
66
31
-81
34
28
-44
-55
71
-53
-28
-42
79
26
-68
-74
11
-45
-69
13
3
7
10
82
93
68
-19
95
-85
35
85
60
-9
-32
59
57
64
-23
-71
0
79
-100
-37
8
74
-12
-49
-92
34
-23
-89
-96
-14
6
81
-18
-55
8
-15
-65
-76
18
51
-28
-39
-56
40
-39
15
-100
0
-79
19
20
98
48
9
38
79
49
-74
76
21
-92
41
91
29
-12
50
42
90
7
-17
-94
-35
-18
36
-19
67
-52
-54
-92
-73
-73
-95
-81
72
-32
-21
-10
79
11
2
48
-58
29
-23
74
-25
-63
-11
-1
13
89
95
87
2
11
-83
-57
70
-40
-2
-64
89
-100
-65
-61
4
-32
-85
-13
-20
-68
58
-92
78
7
-89
26
86
2
90
-4
-88
28
96
-91
45
0
3
-46
-65
-98
6
-6
-26
22
-7
-15
78
-33
27
-79
68
-64
54
-63
-28
65
63
83
-81
-60
-97
-83
-60
-66
-5
44
-10
-88
89
7
-43
-86
51
10
-80
17
10
44
-3
50
73
-34
-69
-90
59
75
34
7
-87
17
-41
-41
30
68
-92
-19
61
-58
99
-77
-35
60
-18
-100
90
99
-7
23
-85
-72
36
64
-72
74
27
42
43
-89
97
-29
-17
32
-80
5
33
35
5
51
52
-81
23
-47
-6
68
-28
3
16
99
39
-52
96
16
-30
-55
62
59
-44
-44
-10
92
-63
4
100
79
-86
-55
18
68
77
66
-49
84
-58
-83
-86
-68
-53
-47
19
73
-23
-41
64
92
-77
66
-9
-69
-26
-38
-19
85
-42
30
33
-77
25
81
-29
54
48
0
44
42
7
-85
-44
75
-5
-60
6
-73
-74
96
20
65
-15
74
96
-49
13
-50
25
0
-19
-17
32
-80
67
-91
79
100
5
61
-95
-73
-45
-73
-43
-71
-20
-78
-26
-25
71
-40
80
38
1
-10
-29
56
78
91
-99
60
1
-21
54
-27
72
-62
-49
77
80
84
59
16
-14
62
48
76
-3
-65
-24
-69
-44
-82
-94
74
61
7
-2
-62
38
-21
52
82
-20
37
21
-31
72
56
-6
-57
88
3
-98
91
67
80
-81
48
-75
-45
-72
-97
75
-97
22
1
-52
52
-79
-31
38
-36
-46
98
-100
-90
35
60
37
96
-82
-81
-68
72
10
-23
-30
28
59
21
77
65
-29
-53
75
-41
90
89
43
-23
-11
-31
22
57
-84
-36
14
63
78
47
4
-64
39
48
-97
-26
50
-87
18
4
91
53
27
-46
99
36
-69
-76
56
22
-67
19
-31
-96
-24
-59
-93
32
6
44
47
-14
-22
-11
46
-91
-98
99
-56
2
-61
53
-51
26
91
-50
66
44
66
64
-51
95
-56
52
16
6
59
1
-11
46
86
50
95
60
2
54
18
-68
42
23
-57
53
-72
8
-86
-47
-87
57
-83
-83
-14
-58
93
32
-46
-28
96
-54
-97
37
58
-96
97
-92
-4
85
89
88
-12
-55
-49
-100
-2
-94
-25
-17
84
-12
9
66
-29
58
-75
-60
-40
18
-49
8
-72
-43
-28
4
-86
-32
4
51
-24
18
1
-5
-35
-71
71
11
-85
-8
-20
80
-54
-58
72
-75
53
21
43
71
96
87
-54
-17
-49
-91
29
-88
41
50
49
-29
-94
-9
-50
-20
-46
16
98
7
-78
-90
-59
-38
83
-64
-19
-66
9
38
-37
25
-32
-80
-54
55
-61
-74
-51
51
-13
-59
-48
41
18
-34
62
-70
59
-31
0
66
-46
-39
-5
31
65
-8
-41
92
91
10
46
-99
-72
-18
13
-45
50
-85
-56
-24
-100
-71
53
-25
9
-72
67
79
31
-9
2
29
84
-20
-7
-30
-59
57
-94
-92
-90
-89
100
-100
4
-70
-59
20
-94
-98
60
-48
-65
44
-23
-27
-94
-79
-71
93
21
-46
-38
68
-79
36
-33
-97
57
84
26
22
85
62
-67
-15
62
56
39
-36
-80
37
-48
-12
41
96
78
-58
32
-87
60
12
23
-38
-6
29
-68
13
37
-20
-32
-30
-25
-27
-24
-45
42
-30
90
60
-91
13
98
90
-84
-66
-47
-79
28
25
-31
29
29
-11
-26
27
49
3
84
83
96
-13
-56
-16
-34
66
100
-89
-71
-67
-32
26
-45
50
-22
88
10
88
-14
84
-56
93
93
77
72
-26
-88
-3
35
30
53
99
-30
78
-44
83
89
28
88
73
58
-93
-35
-70
41
-52
40
-100
-54
46
10
62
97
11
34
8
42
49
91
-12
6
10
-64
-52
75
-55
35
-10
-87
25
-92
-16
-6
71
45
98
56
-30
-19
28
-6
-67
2
91
-21
-63
88
57
-92
-92
-28
-67
-4
25
-65
84
-38
21
-42
90
-64
-8
58
69
15
51
-28
2
-8
-11
-98
-65
-1
6
72
-44
38
-100
-89
-61
61
45
-15
-23
-25
-24
-70
-100
-83
-18
61
58
-72
-62
-80
27
86
-18
-54
37
67
-94
-63
4
13
20
-68
-21
-94
23
74
13
-52
-13
-59
-32
-51
-81
-32
-66
-4
-4
8
-9
20
29
-47
-39
-1
-34
-86
78
-65
47
62
-43
-9
100
66
-79
-25
40
30
-41
-91
43
31
53
-46
61
97
-85
48
43
-58
57
49
-24
15
42
-73
-74
-36
45
27
24
-49
-60
87
-72
59
-54
22
-83
-67
13
37
-98
67
25
69
49
36
-20
-62
55
-75
14
27
-11
16
99
10
38
-100
84
2
-83
-58
-100
62
-8
-23
32
59
19
83
-80
84
-77
-98
-23
-64
-97
-53
-42
75
39
92
76
-14
53
-6
42
-61
-47
57
77
-89
-46
51
82
-54
-14
82
82
40
64
9
28
-70
4
96
-31
-54
5
15
74
52
-78
-92
51
96
-93
42
-95
56
61
71
21
-13
80
-44
93
-99
-32
61
31
82
-57
9
-67
32
-75
44
-38
-12
-89
-48
83
-65
83
-37
-90
-95
-28
23
30
53
-42
-93
-47
26
2
-99
53
26
-6
-36
90
-22
-61
75
24
70
-63
-78
-78
34
79
-27
-86
-70
69
67
-88
10
82
-28
20
39
-20
-53
-23
-2
-54
-85
32
96
-6
71
-75
97
96
100
-5
4
100
84
-26
9
17
43
61
86
-87
-38
18
56
-68
9
43
17
45
92
47
42
-54
56
4
90
57
75
-86
4
-31
91
12
33
-25
94
91
-86
-94
19
-42
53
91
77
88
-16
31
96
19
83
-9
-95
43
-40
60
88
53
89
-29
-74
73
21
-28
41
88
-83
-30
-80
73
-86
-13
75
23
-26
-95
-55
-19
-85
-6
0
60
-92
-68
-30
-53
3
46
48
-7
-32
-11
-86
51
-87
92
12
-67
-94
-80
64
-32
-95
-28
-15
-50
100
-85
89
-19
89
30
-90
24
88
49
84
-94
14
37
-100
-50
-61
82
-39
22
82
36
-100
-26
-15
-43
84
-78
-48
-96
82
97
94
-9
-25
-20
4
-55
36
-61
40
-39
48
-2
96
-46
67
55
-44
30
-91
11
-87
-85
45
0
29
-64
14
-43
-37
97
66
-87
72
-90
10
-74
-61
19
48
-62
-8
29
-46
11
6
-4
-37
-2
77
-93
-78
-92
-68
30
89
54
-7
27
-23
71
-34
25
-63
-81
-25
16
99
-53
-94
-27
-37
100
-39
42
57
-17
-85
-20
18
86
31
-26
-27
66
32
-2
-95
-34
85
-68
34
-79
-32
-56
56
40
20
-47
-86
68
-74
94
27
-69
6
70
-69
-1
46
32
98
-70
-70
14
-50
78
-59
-48
28
-99
-52
88
-71
99
-15
42
-61
-60
5
-91
44
86
-12
-57
-40
46
-72
50
-88
-11
26
-86
-12
-41
-10
-18
-17
-92
2
-56
-3
-16
-48
41
-77
-44
18
39
-5
-26
52
-22
28
-72
68
44
47
93
31
-35
45
50
-51
-58
-21
-21
-65
-80
76
16
72
65
32
-17
43
92
-96
46
-61
-64
87
-28
92
53
-19
-35
-52
-44
-36
18
-8
-88
100
13
46
8
41
-35
-57
-21
-10
-9
26
74
67
-97
-53
-95
47
-14
-43
-43
13
-3
38
-94
86
51
62
-6
-47
-52
-31
-14
45
-10
95
2
48
-78
-95
-22
-66
-37
-28
29
12
-16
7
-37
-17
-27
77
-44
76
4
34
33
49
72
-79
-16
-88
-7
97
-68
97
-85
-41
50
24
-61
-48
-98
92
-37
94
-43
-33
53
-66
33
-60
-68
-65
13
36
-73
-9
54
-8
67
95
92
28
-17
-49
-41
-20
95
-73
-90
68
-37
42
-77
-67
15
56
33
-42
73
-88
85
-40
100
-24
-22
-33
-29
61
56
48
-80
83
47
-48
6
21
9
94
-9
81
-54
4
-51
-49
-28
55
-4
9
-14
24
27
-10
-55
-23
-60
35
-2
-73
-76
-88
-86
18
-24
70
68
-29
-44
83
-65
72
73
59
39
67
-34
-8
-62
-97
-68
69
-33
-94
84
-84
85
-96
-56
-49
-22
-40
-27
65
58
-40
80
-93
60
88
-53
-70
39
-39
-23
-64
85
63
4
59
-42
91
8
-47
53
-67
100
-62
38
76
95
-3
-3
39
75
-35
90
0
-65
-95
-21
-24
-67
72
-92
13
60
0
-67
-9
-29
63
12
76
42
99
-3
100
40
-16
-57
77
79
-18
-45
18
26
-99
-48
1
-74
80
49
57
-12
-29
8
21
-62
41
54
-79
-29
-99
26
-46
40
35
-97
19
22
-41
23
85
-53
-19
-99
77
-88
-99
80
74
-69
-22
-4
74
97
-44
6
93
69
28
-96
16
25
-10
35
58
-48
-94
55
-78
93
12
-62
92
-71
69
-53
30
-72
43
-14
93
-43
61
-43
89
73
73
53
-88
77
-12
-55
-54
95
-78
0
-70
91
28
20
38
100
-24
38
44
93
-24
96
54
-47
-93
7
-24
-52
-43
-21
-15
43
55
-2
-10
-3
86
-68
-85
31
48
60
25
-50
73
-26
-46
91
11
-23
-91
93
36
-85
78
-66
97
26
52
-28
-98
-45
-43
-44
-95
-100
-27
58
9
-80
-63
75
-62
-76
-25
-57
-30
-37
-5
78
-46
-95
91
67
53
42
68
11
-66
86
26
-29
-98
-42
29
2
-69
-77
39
89
-57
-2
77
6
-64
0
59
-77
-13
33
84
-34
-100
52
76
-38
38
-76
-32
-16
-100
-1
70
20
61
36
-72
59
-36
-88
40
86
73
41
40
42
-32
-28
-9
50
26
-86
75
7
-90
-83
31
25
55
55
88
43
-27
15
-74
-41
30
-49
-95
18
-33
-98
-21
-96
90
-35
-22
49
-66
-18
-3
7
-40
40
-72
-4
-51
-94
-23
19
-38
-100
-19
-11
-8
58
21
-69
70
-10
-25
-93
59
9
-27
-3
-70
-68
36
68
-78
31
39
-22
17
21
76
57
-97
8
44
-93
83
-95
-18
100
-38
-76
53
77
-49
15
-10
-22
80
-81
-94
-9
69
25
25
61
88
9
-71
38
-54
-68
-79
-62
-69
-9
49
46
8
-90
-10
-100
26
-15
-55
43
-93
54
-79
-41
42
-19
62
59
16
27
16
62
49
61
-62
-63
96
-21
-67
-13
-46
-4
-90
-35
77
78
-97
29
-67
-98
-66
63
36
-71
-3
-81
-51
-17
-91
-85
-85
-80
-88
53
-7
-29
48
67
89
-2
-10
56
-22
28
74
-58
29
8
-21
46
-78
97
56
-66
46
-78
33
-95
63
-16
52
81
-76
-89
-22
-97
-50
63
-55
64
-66
97
-67
95
15
7
-72
-97
-7
55
94
-97
-86
19
91
-27
-59
60
1
59
64
-25
34
2
-56
38
-48
25
41
82
73
-34
94
93
-98
-43
5
-71
-2
-93
-80
64
-62
-94
19
-43
10
-63
-62
-70
51
-74
47
-90
-20
54
90
-18
-65
-57
81
-100
22
-29
76
-4
-23
78
-8
54
69
67
87
-97
-68
-60
-54
-15
-91
30
-93
30
68
27
-52
84
-38
70
-54
44
-74
84
46
-38
77
-87
-56
14
-33
-73
34
80
58
-47
56
99
51
-72
-14
-5
-14
-64
-7
54
-66
45
-27
-34
-43
37
-59
5
-68
-68
-89
-30
-29
-57
-61
0
73
-50
-81
88
-94
-37
72
85
93
92
-42
54
56
35
3
99
69
-17
15
31
-84
-94
-97
32
-4
-95
63
59
19
-91
-38
-78
88
56
-28
-34
-82
-15
46
-9
26
100
-45
-12
-88
56
63
40
-70
-86
54
-41
-91
-38
-4
-57
-77
93
-97
46
93
-51
72
-32
-40
1
54
75
-69
-85
71
3
63
-81
44
-51
88
36
73
13
18
-1
-98
-10
5
-66
-51
58
50
-50
-63
-34
41
-51
51
-16
21
-91
-59
-50
71
-56
-23
-18
-30
-75
4
92
12
-31
-62
50
-16
78
24
23
3
81
78
-69
92
-30
-42
86
60
75
67
45
75
90
94
-24
-78
62
16
-8
-67
-83
94
91
56
-85
93
-95
-69
0
-27
-44
57
-93
49
-74
65
14
8
26
-68
11
-90
-92
75
-61
93
-13
-60
-75
-36
29
-80
-68
73
75
-48
7
81
-44
46
22
-43
70
53
97
-78
41
46
-29
36
82
-88
16
-68
-66
-11
80
-84
-53
-57
-32
38
51
39
-57
-88
-65
-60
-9
-17
28
9
23
91
17
-51
71
-21
37
35
-51
9
-7
-38
73
-12
-52
-78
-31
62
72
-18
27
59
-88
-91
-43
32
-13
-51
11
-79
52
-35
12
-90
77
-19
-19
-62
52
-40
29
-43
-18
100
-50
73
35
-65
43
90
-40
32
-89
51
87
-78
-7
-36
-71
-36
90
19
13
-75
-67
-12
7
67
9
-66
-83
-74
83
9
64
-90
-7
-4
69
-49
-34
-89
-48
30
81
71
-57
4
8
44
83
29
36
-93
-99
81
-51
-43
-93
61
-72
-93
6
1
-85
-40
-39
25
95
-97
62
-36
44
-76
-50
-46
-54
-22
63
89
-40
-68
98
-99
-41
-72
-13
23
-78
16
23
16
-21
-31
-47
44
36
-35
-77
-80
-2
-56
-91
-25
-18
32
-82
38
91
-81
80
-93
69
62
97
-2
-32
-88
37
-57
-22
-51
-15
-52
81
92
11
44
-69
-62
-52
-65
-7
-64
-14
53
-11
50
-38
36
-37
60
-37
29
29
-45
-91
-40
79
4
55
-15
-41
54
61
-70
12
-25
-8
70
-33
89
74
55
-98
-3
-75
-91
-53
-20
-37
-57
-51
-29
-8
96
56
-38
-99
-57
64
3
61
72
-56
-56
-36
-69
-69
-18
-27
22
-83
-89
74
-81
-22
97
49
-83
81
-60
87
47
-69
100
38
100
-24
-24
10
-44
93
-43
54
49
-23
62
21
98
-71
75
59
-68
82
1
56
38
-5
57
-62
-72
43
100
-65
-33
14
-64
52
21
43
50
60
49
70
-100
-60
74
25
43
-80
98
43
50
84
-1
97
-97
72
-44
-33
-77
-56
8
14
-38
92
32
79
2
-59
2
-28
84
-10
16
-59
99
-34
81
75
-6
99
-2
-71
15
-50
-84
69
34
82
-24
8
69
57
46
78
26
22
41
-58
67
51
86
4
31
-40
41
-4
58
24
12
60
-42
-1
58
-13
-64
-50
-51
-37
-12
-57
9
14
-48
25
-79
-68
31
-43
87
88
47
-32
-50
44
67
96
-28
-54
10
69
8
-64
84
11
69
-25
-75
-98
-51
-29
59
-65
-20
-47
32
85
-53
-100
-49
19
47
75
-22
77
-76
30
81
-9
90
75
72
76
77
36
24
19
45
27
-93
-51
-59
-99
-58
-20
3
61
3
82
-74
14
-41
97
-94
-95
31
-8
46
71
-20
2
57
-68
20
-40
-46
-93
-91
-71
59
-12
-60
-14
-83
-81
-45
-100
100
-16
42
31
-16
-56
55
98
-41
-93
63
-22
19
23
87
38
68
-14
59
1
37
-52
-68
83
65
-5
18
79
-90
2
-39
35
22
-37
-17
-27
-9
39
-48
-99
48
92
60
92
-45
-83
-47
-1
86
-82
39
-86
-43
28
80
-85
71
-91
70
29
-96
42
42
-68
71
-14
97
66
-56
-90
43
-69
72
-80
-55
90
48
-8
78
23
-100
-69
-28
75
-73
-21
78
-43
-57
40
-67
-58
72
-39
-68
3
30
25
20
13
-57
-41
-12
-90
19
7
-14
-28
-85
-93
-81
-66
36
96
-19
-89
46
-55
-95
11
34
16
-48
51
7
82
50
80
-15
-97
46
85
-1
-38
-16
72
-25
-97
-20
-94
-53
-47
-52
10
20
8
-95
58
47
-30
49
-9
-10
4
48
34
69
6
-2
-55
-95
50
-46
-64
28
95
-16
68
56
82
32
41
-75
-2
87
9
-73
0
12
75
88
-37
60
87
47
-25
-23
4
-24
-43
-88
-40
-56
-25
48
63
-67
-51
86
50
13
54
40
55
55
88
71
-63
62
-72
-69
-96
-39
-65
52
-21
-45
-50
40
9
-83
-10
98
-25
-28
91
82
-79
-49
51
-96
15
-10
54
-41
87
-50
-40
44
-10
16
-92
-76
-74
-18
98
-12
27
-70
84
-74
-85
-17
1
25
-28
94
3
-50
18
100
-30
-85
-73
89
51
-21
-34
-39
53
48
-64
-36
-2
-56
11
-52
-68
38
-51
45
88
93
7
-48
-52
-47
82
46
40
51
-42
-36
78
-61
9
9
7
50
57
50
93
-96
-99
-52
69
81
72
59
-50
40
11
-18
-100
-4
-62
-22
-48
32
84
40
22
79
95
49
23
90
25
19
32
64
-17
2
-90
-28
84
-41
-28
10
-43
85
62
94
-84
9
31
-98
-91
-90
-100
-10
31
39
50
-96
27
-35
-55
-9
-77
-32
38
32
-37
41
4
-4
-38
95
-34
58
-80
-11
41
-66
-78
-2
-39
-26
-30
-99
-91
-82
35
90
89
-63
-89
-62
-96
67
38
-56
-68
70
92
-85
-86
-96
17
61
-15
4
-65
28
-31
43
-95
-68
-37
54
60
98
28
-82
-88
74
89
-8
20
-66
-25
-95
72
7
-99
70
-43
-64
27
100
24
-45
61
23
-80
56
48
-45
-57
50
75
97
89
10
74
47
50
-35
-95
-22
94
59
75
22
-58
-79
19
-27
39
30
1
-98
-44
-59
-2
-96
30
-64
19
-96
-95
-75
56
-26
-4
-32
-23
-39
-29
35
-40
-58
-14
-14
-45
-18
-69
-58
-24
-36
21
48
-27
-92
25
-97
3
40
-49
76
-56
-29
0
-14
-87
79
-83
-75
15
-65
-25
40
-1
-66
40
-38
54
-28
75
-71
-34
2
58
-20
-25
81
16
-82
25
91
-79
62
-49
56
-99
49
-21
-82
-60
-57
27
51
-92
-53
13
-10
95
-80
-66
-25
81
29
-77
19
-42
86
-69
-98
78
89
92
-89
-20
61
-23
51
-38
76
-18
1
58
-48
9
96
-32
-98
-63
-22
-21
-60
-96
28
52
-51
86
70
82
-39
96
60
72
33
89
-64
30
-12
82
-85
49
-37
-71
-28
-57
-29
90
-13
92
-81
93
26
-62
24
47
50
16
64
5
93
10
56
71
-33
-88
4
97
96
-44
40
79
-7
-57
-37
-98
77
-14
3
-27
-94
-67
-52
-100
63
1
-36
-28
-59
-6
78
87
9
99
-57
53
-8
86
-13
-8
-31
97
17
38
1
-55
18
80
-21
5
-24
-40
-53
-43
-28
-67
-96
80
-89
11
-79
-63
-49
65
-50
-67
12
71
83
76
-98
-56
-27
68
39
6
54
-20
64
2
-64
-27
64
31
-27
95
-1
25
-68
3
17
12
-98
-43
-41
-92
39
-53
75
-84
70
26
-37
57
8
-1
84
-61
-96
78
-37
-32
-99
-75
86
26
78
-43
-39
-28
35
-41
-43
-31
-31
42
58
38
-67
-100
24
-12
-55
-66
-72
-79
-23
-6
-45
-8
-75
-21
-40
-18
-19
-17
39
-92
39
-40
43
-32
74
91
5
13
73
12
88
21
-60
40
-88
-82
80
31
35
-14
97
-18
-45
18
-77
86
-77
-45
-88
-73
6
-68
30
97
23
37
-97
-74
91
-100
32
37
85
57
61
-69
-20
-21
46
14
-39
84
-87
66
41
34
-99
43
84
-40
67
11
14
0
-80
-32
-42
-89
13
63
-54
4
-10
26
-85
-34
-11
72
-26
-34
-1
-45
-70
1
81
-93
63
-48
65
-70
19
-97
-59
15
-44
-52
-51
-3
-28
-1
88
-18
35
1
-31
-45
90
-43
47
-41
10
-61
-89
-74
0
21
9
67
-7
99
91
-44
-34
-10
-88
40
-25
84
-61
71
-11
87
-39
-18
-55
-79
-6
-62
84
18
59
3
77
-15
-32
-63
-94
84
-33
63
-71
-97
89
-34
-96
-67
19
91
76
19
-76
-93
-75
-33
-74
93
76
-15
-68
-99
37
-90
-28
97
-42
23
-69
-11
8
-7
-48
-10
-83
-63
72
66
19
-54
9
17
-87
-27
42
-15
-81
9
1
-85
-99
68
11
3
-93
-56
-30
71
-82
-3
42
51
80
72
67
62
-92
-66
46
-48
78
79
-63
-40
-54
12
15
-64
-94
90
53
21
0
-42
-56
52
-8
87
12
88
72
89
90
67
79
66
88
-51
-76
-21
-46
45
-89
-60
-87
61
-10
-98
-7
48
-49
-29
92
-24
-31
-36
-66
89
-65
-90
-55
31
6
-61
82
71
100
-52
-51
31
78
2
-16
49
-69
24
3
-81
-87
-2
-26
53
4
80
7
1
70
-87
14
89
20
-26
-91
-37
-31
6
-95
-85
-91
-92
70
-33
-38
82
70
31
-97
-95
26
43
-92
58
80
68
42
7
-49
-47
79
-65
60
-21
54
45
94
-57
-97
-28
3
-4
-63
-18
-81
-38
62
51
-61
-83
45
-75
-45
14
-1
58
-64
5
-61
-4
-90
95
-95
5
-2
-69
72
45
-86
48
7
-31
92
-68
99
6
-70
-63
-90
-77
-79
57
48
-15
-15
13
-62
-5
46
9
-61
-20
4
-42
58
11
-45
99
-1
26
-47
-49
-22
-21
-31
-3
74
2
-39
-51
-83
-36
41
98
-79
24
-25
75
-78
63
60
-18
13
-8
70
55
-78
63
-27
-42
65
-40
-7
85
17
-69
-63
24
-79
-33
-15
90
-44
86
-7
-85
-76
-28
-39
-49
-97
-5
-20
23
-74
-62
-25
-84
-11
-76
71
63
94
-22
-86
-82
-44
5
-62
96
-86
84
-75
31
-78
-40
85
15
-72
34
-95
100
80
-90
67
-41
-68
-27
93
-95
55
-78
83
21
-76
92
52
16
-84
-28
-6
-18
-12
26
42
-64
83
87
31
-86
49
97
-42
9
-10
-80
-32
-40
67
-18
36
90
39
-61
-65
-52
55
-93
74
-49
62
71
18
-50
85
-88
-12
-53
-97
-7
98
68
79
49
-59
-54
-2
89
87
-92
12
3
-66
23
-80
58
-45
-95
84
-50
-26
-71
-28
3
36
12
-69
55
54
-81
-47
-99
-87
-26
-46
46
91
-14
15
-51
-30
-45
63
72
-41
-20
20
-58
-45
37
-38
-94
75
59
49
-18
-14
90
-65
94
92
-8
12
-54
-27
58
-53
17
38
29
27
-89
-50
-4
53
-23
16
27
-59
-49
-29
85
96
99
3
84
44
-60
25
-16
-20
59
-76
3
4
19
91
32
35
-41
-70
-76
19
-50
94
-77
54
-29
-46
24
-71
49
-48
-26
54
-3
52
-35
-64
-42
100
81
-38
7
67
-77
52
50
-16
-32
93
-38
-45
-91
56
-95
-99
2
15
60
-57
0
-39
-13
86
53
-50
76
-5
-72
20
-84
-12
-17
-46
-3
0
-52
83
58
62
6
-94
-49
79
68
-39
92
-21
-7
1
9
-66
-71
84
-75
33
15
-90
63
-80
97
-10
10
-79
3
-59
-64
6
64
-34
-87
-59
-53
65
-49
-57
-90
96
34
37
36
24
-23
47
99
21
96
-73
74
-58
99
-23
-75
57
-100
20
-70
74
43
10
100
-38
-50
85
-1
-71
-27
-20
43
12
-26
26
40
-28
-2
-3
-84
22
72
13
63
-63
-24
55
55
32
72
43
-16
-95
77
28
-65
42
29
19
87
41
-37
-51
-26
73
-84
-66
5
-33
-88
92
67
-82
60
-52
-64
-56
-54
-17
-61
26
41
-18
95
20
70
-98
-72
-97
-77
39
36
-47
-57
60
-2
69
-63
-74
-73
35
14
-98
-52
43
49
30
-87
85
4
-65
92
-58
57
43
18
0
5
69
8
27
77
59
12
28
-49
54
-99
53
64
-56
51
9
-69
33
36
-7
72
-52
-23
17
-45
-40
-1
0
99
-11
-24
48
-94
-50
30
-64
88
-9
8
-44
45
-45
-1
-90
-1
-80
22
-53
-76
-38
42
44
25
26
-79
63
-88
94
-11
-95
-92
-14
82
86
-15
-96
76
-88
8
58
-67
53
-58
44
47
34
82
87
-1
-22
-62
-28
-32
-50
50
40
75
-59
9
35
7
6
20
-7
-92
33
12
99
100
-64
-100
63
55
-9
33
-40
6
-69
66
23
-68
-26
8
-98
22
-78
-98
-34
57
99
39
-85
-49
20
22
57
94
-29
-34
63
-97
51
-31
-49
-26
-12
42
73
-11
88
2
4
-57
-27
-81
-48
-34
48
-34
-87
84
81
-76
32
-76
57
82
89
75
27
-32
23
16
50
-41
46
53
17
66
56
95
61
81
-55
59
-49
-72
81
43
-44
25
62
-14
-92
-7
-95
-4
64
80
82
-81
71
-50
-43
1
3
71
-64
-43
-42
-29
-2
77
-95
-81
-97
64
-10
35
77
87
-31
19
-62
-22
-92
-73
60
-66
87
-93
-83
-72
-39
97
-55
-61
68
52
-4
51
75
2
-18
3
31
61
-72
-39
77
-53
-31
-89
63
55
-96
51
-30
-95
-62
-17
67
23
22
-81
10
0
21
-89
-80
97
-86
69
-16
91
95
-8
11
14
5
13
52
-14
57
36
82
40
-99
45
-57
42
-75
-69
89
55
20
100
40
31
-30
49
-32
-9
-34
-58
-70
35
73
22
89
-22
93
-84
-5
26
-51
78
28
51
17
-73
-55
-50
92
29
70
62
-30
5
32
-52
95
-53
-68
-44
-33
66
5
-26
98
43
-3
-26
-31
85
-63
14
72
38
13
-28
-22
-81
61
5
72
3
-19
36
32
59
98
61
-77
-98
-92
0
-1
2
-66
8
73
60
-77
-36
-12
-37
-77
8
-5
29
-62
33
83
-33
24
-60
-100
7
-86
15
-65
-63
-62
-48
-62
84
-46
-96
69
-96
33
-37
-42
55
72
-54
-89
37
-93
-64
60
44
-33
-29
-80
-19
93
42
-73
-71
-76
-33
-46
14
38
-29
-56
-100
33
22
-51
-68
40
91
-24
-59
19
4
20
46
90
45
-86
55
-47
63
-92
-14
73
31
82
68
63
55
-72
49
86
82
97
69
5
58
-83
28
-71
-72
34
97
20
-75
-8
77
77
-61
-94
-66
-55
-62
70
-53
42
-74
-46
43
-98
-83
4
-37
8
-21
-51
-41
-6
-40
-43
-83
-99
-23
48
82
2
-62
30
71
14
-39
94
97
65
14
-53
4
26
46
-62
-21
37
90
25
-85
-61
-55
54
-96
25
8
52
85
-32
-70
-67
-21
-72
52
-65
35
24
-53
-56
-91
49
78
97
82
35
0
3
92
-20
-47
94
-56
25
-91
-29
-15
-58
47
47
16
-56
-6
73
-56
62
-5
63
-79
63
-70
-14
0
-55
37
54
-95
20
16
-22
-68
88
-53
-20
66
-19
-60
38
15
-94
-80
23
4
-57
-16
-87
-32
-14
40
-60
32
-24
68
83
-50
-39
-47
38
-92
23
-81
58
-31
52
-76
-59
48
39
16
-34
-30
43
83
-24
60
-64
-41
-45
84
-35
-3
-3
83
11
-43
-64
-59
44
48
80
-92
78
27
37
-88
-100
-14
35
5
89
-71
-54
-59
-76
70
-6
36
80
-90
-75
64
21
-71
-66
74
-56
87
0
89
-12
-54
22
-90
-66
68
-12
-85
8
-63
60
-56
86
-15
-45
-95
-43
-74
-44
4
-37
-17
-73
24
-97
-77
92
-76
-96
93
-13
-95
-4
64
17
-60
-72
31
-49
-62
-72
27
-94
-97
18
92
99
100
82
-55
-77
93
-82
30
-54
88
-13
-13
68
-17
-54
-24
-88
45
72
-10
61
82
-95
-63
9
-72
-24
-69
-49
33
52
34
-79
-54
-50
65
1
26
17
64
51
28
-55
38
54
24
47
-85
-2
-100
13
93
72
49
-97
69
29
-39
55
40
-97
-72
-86
62
9
45
53
73
-50
68
-6
-73
3
-21
-24
16
40
71
-10
58
-84
51
-63
-94
-99
-5
-58
18
-77
-66
39
-63
23
69
28
1
-17
75
-81
-97
-2
18
10
-67
5
-74
-32
-5
-24
62
8
-3
23
-93
-1
13
74
-19
69
81
74
29
65
-39
-24
-37
15
54
72
-98
-98
45
-73
41
24
-30
15
3
94
-50
78
-46
-40
-78
-32
38
-9
88
55
90
52
14
26
-15
-68
-6
-94
6
-86
30
84
-60
-25
-32
-34
-37
-95
15
28
-60
40
-97
-2
-6
85
-62
93
-57
-53
-35
-22
-42
-3
81
-30
-12
-66
11
97
-89
55
20
-37
-58
73
-99
-80
15
83
78
