-52
-30
-80
10
27
-94
70
69
-39
84
-1
-19
91
43
-42
-17
40
-33
-60
-46
-96
-90
-14
87
55
-71
98
-83
-7
-80
0
13
-23
10
20
26
-13
22
-47
-18
-70
-52
32
70
25
80
-22
-44
-18
-52
-84
21
-44
54
-85
17
-54
57
-18
-51
57
-100
-75
-61
3
6
95
86
75
53
91
24
-84
42
-24
-54
-31
-23
-68
24
44
60
79
57
81
23
47
15
-47
36
-18
87
-74
-74
-11
-27
16
85
-88
-73
-91
4
-10
-68
24
83
-20
-93
-2
84
46
2
100
-26
-92
-6
-91
99
34
-53
56
-44
-47
-57
85
-88
35
-40
55
-43
46
30
92
68
64
7
5
68
94
-28
19
91
63
-25
-85
54
33
-6
58
93
91
-72
91
-73
14
-65
58
-35
96
29
-61
1
-8
-43
39
-82
-10
76
-89
-57
94
-57
60
0
-43
39
-40
-12
65
-24
-66
-27
-76
44
4
16
-51
-28
-15
-40
45
28
-58
-60
-60
-83
20
76
-91
-25
-99
92
-30
48
-50
-84
93
-86
98
54
5
19
-68
9
-88
-47
-65
-15
-35
-98
-42
-82
83
81
-52
34
53
-60
26
-31
-38
-24
-30
55
95
-37
86
95
19
-56
31
-79
41
-58
-78
1
-10
-19
14
5
46
22
28
-64
-8
59
-72
-29
40
69
-78
3
-100
-55
-60
-61
31
77
-43
19
97
-70
83
-40
-88
-90
26
-69
72
40
-64
46
55
-61
43
92
5
-15
48
-47
-94
65
78
98
-36
10
-97
19
-44
-16
-99
23
50
32
-25
-93
-99
7
52
-61
96
29
-46
13
-22
-67
3
86
12
8
23
72
-42
61
-20
-91
67
43
57
49
-34
-25
54
-47
-26
34
74
71
38
-17
7
91
22
71
22
94
1
-89
48
7
71
-47
-99
-95
87
-100
4
-3
5
-45
62
-67
1
59
-15
-96
-93
-48
-6
-13
-26
19
96
-41
99
-20
23
-16
-67
-15
-51
-99
-40
-91
-67
41
65
47
42
-79
-68
78
-64
-16
-8
49
-89
-27
72
17
-54
18
62
-52
86
60
60
-77
52
-25
59
-32
-56
-94
78
58
76
-20
4
66
15
83
95
-62
-38
-84
37
-54
-19
-62
2
66
-53
-60
56
-99
-82
-28
-29
31
-59
54
-46
-70
-86
-59
60
-87
-78
-3
31
53
38
-25
8
-31
97
23
66
17
16
55
96
12
-21
-95
7
-32
17
-1
-24
-86
12
74
60
43
91
16
22
-60
82
82
-23
-95
-33
21
63
-4
50
2
-70
-29
-70
15
-25
44
6
69
-23
68
-6
47
-88
-80
29
-46
38
16
23
-100
-59
37
65
-4
86
-99
-100
97
-73
-35
99
80
0
27
-30
-71
9
-33
79
-75
83
-60
-5
96
-61
37
-73
-86
-81
63
35
-31
79
-61
7
-77
-51
-93
-13
-38
-95
0
-87
-21
45
22
20
50
-10
54
95
-45
9
-85
6
16
-25
5
57
-17
7
-8
-52
92
-63
61
-83
38
-82
90
55
20
39
-56
20
88
-95
65
-63
58
76
50
-55
0
17
98
55
-78
44
-66
41
85
-50
32
-12
-1
20
-43
89
86
70
-87
62
14
-42
-75
-50
-97
-9
-3
-74
89
84
30
-81
-55
-75
94
82
-70
-62
-4
87
80
-66
-34
26
-17
-76
-45
-51
-69
44
-87
-75
-7
78
-35
-79
53
-12
21
92
-67
26
83
-17
63
-80
90
-76
95
35
82
-62
31
-33
0
24
92
-90
-32
9
-25
83
46
61
-60
-61
-16
25
88
-96
89
10
-29
-85
21
82
66
-60
92
95
-72
-56
82
-58
1
2
-63
64
-59
84
78
-12
52
-53
35
28
95
-60
95
68
93
64
0
-51
6
-64
54
91
-43
-52
74
49
21
71
-12
85
-53
51
-80
-10
96
35
36
-23
-27
-78
65
-99
-28
-17
-9
-71
-99
-12
-42
-76
10
-42
0
-21
24
39
23
92
27
-75
18
-35
14
53
-58
-48
-15
84
-93
-41
34
-19
-32
-95
-28
-92
55
-52
4
90
-15
-44
98
34
21
90
39
25
37
-44
-69
19
-25
-23
-45
-84
84
32
-83
-47
98
-98
51
63
12
36
-21
62
-2
80
-89
-53
-30
-41
-27
-34
30
-51
9
-52
-2
-26
-18
23
-1
-54
91
18
90
-41
10
40
-24
5
67
-71
-4
40
-65
36
-37
70
80
59
7
8
76
-46
61
80
77
19
-16
-28
31
-61
-93
-81
-15
-38
-85
-19
-62
95
47
-93
30
90
-29
-100
49
7
90
-17
68
-99
28
42
19
53
-61
-29
-40
48
-43
-95
39
-17
-91
75
67
-66
-44
-73
14
-44
63
-59
-85
35
11
4
-47
-4
19
85
-85
100
-94
-43
-41
12
-60
-75
89
-88
100
-99
43
15
-54
72
-25
-53
78
55
-6
-98
73
48
8
46
1
-66
50
-27
-69
-88
-7
-80
-7
13
74
-75
10
-55
50
0
-96
-95
24
-11
49
-61
-84
-88
74
-96
-38
39
71
-10
92
69
-48
-36
-55
-95
-73
30
92
94
-99
-85
81
-70
67
-71
42
-31
86
69
-67
79
58
16
90
-57
18
-29
-36
-77
-31
65
-84
-51
33
-19
-41
3
22
60
50
-2
26
81
44
-76
-23
78
30
56
-26
-38
23
-100
-37
27
47
-25
45
-98
84
54
-75
31
-67
-42
11
99
10
34
-33
-73
52
55
-98
-58
21
-32
39
-16
-48
48
-26
-69
-91
-47
18
-44
-48
-92
45
42
76
-49
78
-26
-4
-48
-69
86
-48
87
77
73
30
-29
-28
-64
61
-27
78
100
52
6
1
-74
-49
-6
-6
74
51
-15
40
-72
-86
97
-28
13
89
53
65
79
31
4
-41
-58
-82
-86
20
65
17
16
41
60
44
-90
90
40
33
94
67
82
52
6
37
-87
99
26
-87
-16
54
-16
-5
-16
54
-50
-89
-83
-44
90
-92
-95
81
66
-19
8
55
-86
-60
62
-89
29
78
-75
65
-68
79
-39
70
-3
8
49
87
21
-16
-47
-60
24
-67
93
36
-70
-5
-22
-35
64
-88
-43
-69
-82
-80
14
23
-6
30
-91
-63
22
-30
44
-43
28
-25
84
36
91
80
87
83
15
-48
49
22
-32
89
59
-12
21
-36
-40
64
-32
-20
55
45
78
48
-90
50
55
-54
65
-20
42
14
51
-78
-62
95
-42
10
-11
73
-98
-40
71
-23
-51
-33
-98
-79
75
-72
-73
-39
-33
87
-10
18
17
-27
86
92
-11
-97
10
-84
-37
-40
1
13
3
-62
15
61
-10
12
-55
-100
-22
54
-57
36
-14
97
-8
34
99
-2
-56
47
98
-49
-59
80
46
-39
77
-1
-30
-13
0
27
17
84
11
72
-11
-98
-63
18
-88
57
-83
84
75
69
-61
79
-22
-21
-73
56
94
-54
-6
-20
56
47
-24
-52
-10
61
-71
49
-62
16
-65
-79
-86
56
46
47
68
30
8
1
45
56
95
-100
-3
-34
-46
18
-36
57
-75
12
23
80
-32
-50
-50
-4
-59
57
-30
-53
21
-21
-34
19
-92
-23
76
64
83
-37
-40
-3
23
39
95
-93
-82
60
-33
91
67
33
-72
-34
-46
46
0
93
71
88
-84
-25
96
-80
56
21
-73
-57
1
26
-19
83
77
-97
36
93
93
35
-62
-19
18
22
-74
-15
-27
86
-100
14
38
-22
-95
-66
16
-81
13
21
75
24
39
25
94
14
-20
14
29
-23
-16
-92
-93
-34
-79
-22
-97
-88
-86
33
50
24
82
2
-68
-36
-89
33
14
-60
58
84
1
59
6
29
-25
-1
-46
15
10
-78
35
-72
-94
13
54
-31
7
-66
-77
-54
-100
-34
63
-87
25
43
13
36
-51
47
56
-76
-37
-39
21
-51
-39
64
51
66
-16
86
69
-49
5
61
99
-65
74
-9
-20
55
-35
24
67
-96
-39
34
45
66
7
38
-45
56
52
69
79
74
-94
-6
-28
11
-95
45
-79
-36
-73
-27
-64
92
-46
-92
-86
-90
99
27
77
-52
-41
-15
-36
-36
76
-22
90
71
-67
27
-90
-91
91
49
89
43
100
-30
39
34
-67
-54
-89
-28
59
-74
11
-39
-13
-65
16
-89
-94
73
13
-54
-80
-44
-24
84
21
-43
22
-55
-72
32
-69
63
11
-15
-14
2
-76
6
22
50
100
40
12
84
48
97
98
95
-52
-89
20
70
-44
7
-21
-8
-73
-6
-99
-97
-24
-52
98
-30
16
-84
-8
58
22
41
-50
-18
92
-97
7
9
-11
-22
-42
65
55
-14
-96
77
-76
58
23
66
-33
-77
-21
-78
-46
-19
-57
92
-2
47
-87
-77
42
-17
38
-22
-11
-79
14
-13
-43
-23
-12
-28
-74
84
-76
29
-95
33
54
-52
80
22
87
-50
-35
-36
-86
51
-82
49
25
-39
-38
-35
19
-80
33
97
21
-82
41
96
47
23
0
-90
63
-96
92
-35
-35
54
-29
-46
88
-73
35
-54
90
-99
58
10
50
-20
-24
90
-25
-9
-68
61
32
-80
93
23
61
88
-85
74
-26
-15
95
100
17
-72
63
64
77
92
-44
4
34
38
-3
-99
-32
45
46
-3
100
-9
-81
-24
47
-79
-39
-19
-25
-86
33
91
11
-67
59
62
-17
39
-7
-14
-50
36
71
-80
78
64
-77
36
-80
-99
28
-88
-93
-42
-7
-58
24
23
73
36
-65
-89
93
13
89
-14
-10
84
-95
64
51
-100
-21
25
70
43
86
35
-28
-59
93
-6
-10
-21
14
-83
-8
14
-73
-70
19
97
61
62
-57
-18
83
-24
89
64
46
-64
82
-81
88
-32
24
31
64
59
-45
-32
-24
-40
-50
-41
73
41
20
84
-83
-1
-1
27
-32
86
76
80
70
65
20
-67
-65
31
-72
-11
76
-29
-3
-97
-58
-52
19
56
-2
94
100
-24
67
-9
39
26
-31
61
26
13
11
-56
42
88
56
42
-44
39
22
-98
22
-33
97
38
-39
-52
7
13
50
52
9
18
80
47
-29
90
-57
-48
83
16
-43
-1
37
-53
55
-17
11
98
66
33
10
-23
53
-56
-63
-97
35
41
13
33
30
-21
-33
24
-44
-26
-49
-51
18
100
-95
36
15
-61
-77
37
54
53
14
90
7
45
-64
0
96
-2
-65
62
5
78
-84
-9
-52
11
-97
-28
-50
86
96
51
60
-74
57
71
69
52
-5
68
-43
-93
59
64
-92
-78
-52
69
60
-42
41
85
92
94
-55
-6
65
45
7
86
58
73
29
-10
77
51
64
-30
-36
51
10
-67
72
63
5
38
89
-95
-49
-26
77
91
-50
42
74
79
-34
-59
-25
98
-28
91
-95
17
-41
-47
-83
55
83
10
66
-56
52
-26
0
-75
89
-97
73
88
70
5
43
98
-49
4
-100
-38
-49
27
-82
86
51
2
-20
-88
72
67
-46
43
56
19
8
-58
-79
-55
99
53
-29
15
-9
52
84
-39
-9
69
59
97
-9
-83
-91
-47
-37
25
63
100
-59
46
-54
-17
-19
29
76
100
15
99
81
-85
-44
12
-52
19
84
56
74
-57
-85
69
40
0
-67
-89
41
67
78
44
75
65
7
-52
-91
69
40
-56
-11
-11
-21
48
-67
-14
14
62
-53
-69
-74
-73
-20
-27
-39
92
75
-78
0
27
-24
44
-36
-62
-57
-61
-27
62
72
93
15
-97
78
94
-16
1
8
-86
53
85
61
-22
-24
-88
71
-3
-65
91
-24
41
26
-71
14
-3
-36
-84
86
-28
-14
88
-12
63
42
96
-18
-73
-49
69
93
61
39
-46
-40
94
60
83
-21
6
-85
39
-8
40
30
-36
6
13
41
6
-45
13
-4
29
-9
19
-69
-31
-60
-86
-61
-61
95
-56
60
-88
-3
67
55
46
-12
94
51
10
78
-51
31
-89
-57
14
-73
15
-69
-66
18
47
92
66
-2
-23
-7
-72
-68
7
86
-48
-46
-21
27
48
-20
-49
37
75
-96
-86
11
-37
-56
-59
50
91
7
44
-42
-29
-18
71
-66
-66
-75
58
-76
63
83
23
88
-65
18
-32
-34
37
-33
-3
-32
51
-51
79
-24
69
-25
67
-26
72
-42
-42
-100
60
-67
-28
-79
3
44
90
-99
-60
81
61
-10
-37
16
-8
55
49
-45
-73
83
-81
25
62
-43
17
-71
-100
96
37
-56
-49
10
85
6
-60
79
-20
-98
-29
56
28
31
92
51
-6
-32
-92
27
-27
5
-11
-60
21
-14
-60
-21
-47
88
41
-74
15
-65
51
22
-40
-62
37
-1
-52
5
-36
17
96
8
13
48
-32
89
56
24
-3
-61
-12
-23
94
63
-71
-12
-43
17
10
-61
68
25
-72
10
-23
21
-62
75
-48
-2
-42
-71
28
-57
47
-86
-60
-13
-24
-31
-54
33
-61
-35
-59
-4
70
-32
7
-25
-56
-28
-10
24
83
37
70
57
57
-38
-8
-9
-97
-9
96
25
-66
82
76
95
0
80
97
-79
69
-93
-30
-84
26
71
76
48
63
-68
57
64
46
-71
-47
13
6
-30
61
-72
60
27
-87
28
97
21
-33
-49
-89
-20
-38
-78
92
10
1
64
-57
55
43
68
40
-93
23
-14
-58
-62
-3
-25
31
-68
-42
32
0
-67
22
35
-52
-100
-22
-31
-38
99
78
-47
59
4
-7
100
1
63
-70
-49
-22
42
-21
-71
-45
82
41
-89
-73
-43
-15
-3
97
-14
89
-59
-55
54
32
58
50
-100
-89
-59
49
42
-31
34
-31
-13
3
-18
78
55
89
18
-16
32
89
74
41
-50
34
30
38
-70
40
-79
64
26
-1
19
91
-1
-22
61
50
-90
75
-28
45
8
-52
-83
-100
-99
-89
19
92
-52
-34
-17
-38
61
-10
99
47
-18
42
71
68
-44
12
-2
-24
91
-19
-10
-87
-19
41
98
-19
94
81
100
-30
77
-10
-50
19
-25
-38
-87
30
-87
57
96
-30
27
-10
-13
-48
-73
-80
2
89
-86
92
28
56
-93
98
-88
99
-3
-16
-82
-78
40
7
-82
41
-53
-73
-33
-31
56
77
97
-27
-47
-66
91
30
-52
-76
-92
-75
-65
16
40
-53
-66
-86
46
-10
-21
64
80
-48
-38
48
79
19
39
9
-87
-68
37
60
-39
-83
63
47
85
-35
1
40
24
48
75
47
-88
67
-85
-51
12
62
47
-13
38
89
13
-46
-96
74
74
-21
-39
75
-96
94
53
-48
83
75
36
1
-88
63
-59
-65
86
-70
-35
-94
57
59
-74
47
8
3
-80
60
-29
-64
37
66
39
-89
66
59
-15
100
-94
-82
1
-11
6
18
-3
92
-26
46
-13
-65
-24
-70
33
-14
-37
43
91
-23
34
31
45
-16
95
49
-7
-34
-50
-54
-3
49
23
18
58
-9
-46
-39
-8
65
-91
-49
-48
82
-71
52
-36
32
-25
-95
-70
99
77
-42
77
84
9
-37
90
30
-40
-63
-58
-58
-33
19
54
-55
-1
99
-9
16
-71
-66
70
22
55
-91
-33
42
51
59
94
-9
37
85
-76
6
-48
30
76
-50
67
-54
-30
-92
-43
19
-33
-98
-60
91
-3
71
53
87
-85
-6
53
-71
-13
-52
-84
-29
75
-73
-59
-64
-49
77
90
-79
91
70
10
10
-95
-74
-46
-89
70
-36
6
27
-19
79
94
34
-62
-58
-11
41
-93
-24
-85
-71
-42
-54
75
-92
10
-57
-99
-37
9
2
20
-99
-49
-28
-79
30
90
94
-37
-75
82
28
-87
36
-78
-25
-14
48
18
-59
2
-12
-10
-81
-20
-44
72
-22
95
68
69
63
-77
-95
99
19
-34
24
64
39
-20
22
34
44
-68
-3
29
54
35
42
-21
15
-79
-44
-54
67
-12
-20
-18
-53
-47
10
26
39
-47
95
6
73
-59
51
-4
65
35
53
58
-29
98
-35
-35
55
-46
-51
46
-95
8
2
-15
-27
1
-60
64
74
8
91
69
-13
58
40
95
-41
85
72
18
-65
14
19
-21
-33
10
-28
74
-22
63
-24
-90
-45
47
94
-81
65
-38
17
-16
8
-17
24
-5
15
28
-29
73
-47
53
-51
63
-13
100
83
-10
-91
13
-55
6
-96
-84
45
44
18
-21
85
-13
-31
49
79
-98
32
2
78
-35
-10
-91
-58
-78
30
59
-9
19
14
3
56
-81
-69
-67
-43
42
30
-68
-14
-68
93
21
43
-99
-17
-78
28
-4
-35
-55
-68
71
-64
-67
85
10
5
24
-48
-32
-87
-41
-78
95
-44
93
-72
93
-89
-65
86
1
-31
-58
84
-17
66
-55
78
84
50
-56
-55
41
47
96
-35
-53
-25
-62
44
-68
-93
-84
-25
-94
-63
25
93
-66
76
100
-91
-33
-65
10
-18
-27
77
92
-47
26
-1
-100
73
-34
97
-75
45
28
32
19
-18
-52
-36
81
16
-92
-100
52
52
-18
75
-41
-57
-30
-84
-32
85
-85
69
-81
-41
18
-39
-95
23
83
12
93
-34
99
-68
21
-95
-53
34
17
-24
84
10
-6
-89
81
-47
-42
-86
80
71
24
78
6
-62
41
-72
61
97
97
-72
-19
80
32
-90
-5
-59
-26
81
86
70
53
-63
-20
-81
76
22
7
-36
66
23
41
7
68
-58
32
-56
56
-64
91
37
26
-94
42
72
-29
-19
-47
5
26
-28
88
57
-83
22
90
95
-67
-96
65
29
91
-36
71
94
-94
57
-73
-38
-56
71
-72
-75
2
-56
0
-59
-48
-55
-55
20
19
23
-58
-47
79
-83
-16
-5
7
-70
94
23
-34
-41
-52
29
-52
-34
44
100
-57
31
78
-60
9
-44
-82
14
78
10
-46
-73
54
8
7
-66
1
-28
75
1
31
44
-63
-14
91
86
-89
-20
81
62
-84
92
47
44
-31
37
54
-53
37
91
-80
40
-25
100
-33
-7
-16
-77
20
37
66
68
-32
54
-47
-77
-1
-25
-50
76
69
29
-97
47
-83
42
96
-48
-88
56
-53
56
-27
91
-54
34
5
39
76
-80
-94
20
41
-20
-61
-85
84
-69
36
29
-49
-66
73
-54
61
-92
39
53
74
-19
-92
-70
60
-54
-74
46
0
94
-71
-45
63
-31
8
0
-60
-86
-13
-70
84
68
-20
75
-5
-16
-5
-74
55
44
-12
81
46
25
-43
8
91
-1
-78
-71
79
-12
-91
-47
-33
53
-31
-73
-58
51
79
-72
-37
-34
93
-43
-66
-67
-13
-3
68
31
-49
-45
86
16
-92
27
-62
7
-71
5
-37
2
44
24
78
82
80
-49
28
-20
-13
44
-25
57
-5
99
-88
-38
6
99
-55
100
-65
-37
-65
55
31
-29
-68
-95
-37
9
93
-23
-15
-70
99
79
54
-22
-7
-66
-21
10
82
-58
11
29
61
71
-4
2
9
-20
-75
-35
11
54
42
-94
-100
11
78
19
99
-7
-31
22
36
-23
-2
-42
-32
-54
-22
-13
-94
45
-31
38
-13
-81
-31
-22
13
-67
-36
72
-8
53
-47
48
-21
8
-58
81
-91
-52
-96
-97
9
-28
-1
-12
28
29
-25
-29
5
47
47
48
-54
-34
16
-94
15
-20
-85
-54
45
85
-4
-37
92
26
62
84
-61
-58
53
88
1
-93
9
-13
19
68
-86
79
74
70
-33
99
1
-23
-90
-91
-76
61
-93
-77
-35
-74
-100
47
-36
70
-15
90
-75
92
87
44
49
30
68
30
23
-18
31
-86
-20
68
48
28
-36
-71
-72
4
-74
36
49
42
19
-52
96
67
92
-52
-73
8
-41
10
-95
63
-88
3
69
90
-19
-17
-88
2
-96
86
-99
-10
1
-81
16
74
27
-3
-48
-34
47
90
-82
70
-73
-35
-19
-97
-70
24
45
80
-54
-85
-33
66
-1
7
8
74
93
-40
-35
92
-95
-9
-65
89
83
-55
87
21
41
93
68
-32
-7
-87
23
81
57
-43
-84
84
-1
-87
62
17
-87
-14
-47
-98
-34
75
-24
17
-31
-55
38
38
87
-72
-96
44
1
-3
47
-85
44
18
-15
76
65
80
-49
-74
1
-45
81
5
-69
71
-55
-4
63
-6
-86
-64
29
-63
48
89
-39
-15
18
64
-21
-2
43
87
44
-16
-55
-94
47
-70
98
2
-8
-71
-28
47
2
55
-88
-24
92
-51
-47
-86
83
-69
-6
-76
3
-44
56
-53
87
67
54
-96
-4
-79
59
88
31
-21
6
-88
-86
-68
-97
-16
31
8
92
-13
-57
-48
30
84
-19
62
91
-88
-54
41
18
-36
76
-57
89
-26
-15
-92
-37
-63
-80
-69
-85
100
83
-49
-39
13
-34
95
41
10
59
2
32
-44
62
-42
86
5
30
-18
-59
27
14
30
17
21
80
-5
-4
77
7
-34
92
-81
3
-90
-23
11
-94
-33
6
-98
-93
65
-18
-59
-18
0
-46
-60
76
-40
77
56
13
-21
2
83
44
-28
-87
89
78
32
13
100
32
20
5
-19
55
-62
-90
-54
47
-5
0
96
-1
-61
10
75
-63
-42
-88
-29
-55
28
18
58
100
43
-93
21
52
-26
67
28
83
64
-89
50
66
-65
81
67
21
-15
-22
-34
15
-75
-89
-36
-52
80
-85
55
92
41
-44
10
-2
-48
51
56
-81
-68
-84
76
90
98
78
-93
17
35
-36
1
76
-4
61
-37
-35
9
45
-32
89
9
-97
-28
-50
-41
78
-59
75
-26
-33
-5
71
74
80
-2
54
-96
-79
38
92
-23
-12
-17
-70
-87
-57
-46
-56
-93
46
-71
90
-28
42
-66
40
-52
-37
-61
22
-79
33
-35
-73
-27
-64
32
81
38
9
58
-72
-3
50
70
-27
34
35
7
91
-21
-1
-52
-82
93
-95
25
92
-15
61
46
36
-5
-40
-83
-20
67
-62
98
63
-65
-68
27
74
37
-5
84
27
60
-54
-79
95
-19
20
92
-76
30
86
97
88
-31
97
64
-28
-29
72
92
-84
0
60
-12
83
-82
24
75
31
-25
16
-87
-54
44
-98
-66
-42
-49
36
-1
-2
-98
78
38
-15
97
45
-23
-18
-10
16
-57
10
82
-11
-83
-5
63
44
68
-77
-23
4
-58
65
-36
-34
-98
-2
93
19
51
25
-65
-69
93
-99
94
87
7
-100
-6
42
56
42
80
93
86
96
6
0
-59
-28
-40
38
-2
-18
-43
83
-19
98
-28
-67
62
-35
-79
-7
17
-24
15
-86
14
42
48
37
0
78
91
-4
-34
-61
81
-55
-29
-19
-14
-36
32
-50
-6
-83
17
-92
13
-65
75
89
-20
-46
39
-81
-61
39
35
31
98
97
-34
-70
-85
85
61
-80
-10
-40
-76
-44
45
89
-25
66
-95
-43
-95
87
-66
-96
57
93
-49
-81
88
69
-11
9
-12
-65
-84
-26
38
-89
53
-94
-59
88
80
88
42
-96
-41
2
94
-36
4
35
-16
-8
-77
29
86
-66
-7
87
-54
65
-28
-13
-40
-47
25
75
-76
-22
-95
-57
-26
62
-53
29
-94
8
-19
-83
42
-62
32
-73
19
-68
75
96
-78
98
-29
-55
61
26
-41
-66
-45
-34
96
-54
-96
-41
-87
53
-51
87
33
-13
-5
-25
92
82
-87
-88
-16
-89
-15
29
-71
-77
-60
46
-80
75
-91
22
-49
38
-74
-93
22
47
-20
20
-72
8
-57
25
-92
94
-57
71
-72
58
80
-64
76
5
58
-29
-100
-12
66
-79
28
-41
-22
84
82
19
-87
-66
33
-80
-74
-3
-17
75
-76
47
-78
81
-26
-4
-100
-70
-40
32
-36
-40
-87
-30
33
44
9
38
-26
37
100
-91
44
35
-53
-20
-75
66
-85
61
69
-43
-94
85
-38
36
44
95
-44
54
-71
-20
21
-29
18
75
-24
-94
71
24
-33
-10
77
-55
-22
41
38
-3
40
55
-44
55
-16
10
-17
85
34
22
26
90
78
-44
-43
55
-41
-99
-17
-64
-7
-5
-30
-88
-58
-16
76
41
4
62
-3
37
58
44
-97
42
-72
41
89
-20
58
-41
8
87
-34
-55
-57
-41
-41
1
5
-69
64
43
61
-32
-4
-71
-24
-65
99
88
91
-68
77
32
-77
73
-72
12
-9
-94
-46
30
53
-7
-56
-17
-54
24
-24
8
-44
-5
25
-37
-70
-26
-81
-70
82
-68
-12
-73
6
66
48
24
-64
55
-49
38
84
68
-64
38
-65
-28
-55
-4
91
-80
-41
-27
51
63
31
19
-39
85
-74
8
97
37
-77
90
46
-32
6
19
12
-70
-25
23
19
40
93
13
-80
-57
-10
-11
-23
38
-68
6
-75
-14
-18
-46
-80
-97
97
-55
44
13
95
-43
-29
-28
-65
-27
-12
-66
51
97
-20
90
-27
35
-14
-16
9
67
99
-94
8
-75
-25
11
-55
-91
-51
5
0
34
62
82
-2
4
-10
-81
-81
-6
-13
75
95
-2
77
-70
-65
39
-82
-68
-78
61
-45
9
68
-82
46
-37
-81
-64
-17
36
86
-98
55
-3
57
7
22
-60
-53
-60
-50
27
14
-42
61
-94
-16
30
76
63
-65
20
41
-75
75
-63
7
97
-22
42
71
-18
-16
-52
-62
91
-51
-22
-79
7
96
-9
-17
57
68
71
43
83
27
7
-33
-60
-86
78
96
-15
48
-61
-68
-85
75
53
-68
96
-57
35
-57
-10
22
-2
100
50
88
56
26
92
-27
-78
83
22
-87
23
75
35
58
10
-18
1
-23
32
-43
-34
-87
52
-28
-82
97
93
-97
-68
8
-98
81
23
-95
-78
41
33
52
89
15
21
39
-47
77
14
-91
-3
66
93
-15
-28
-97
27
73
27
57
56
2
-18
-16
33
41
-84
16
78
-42
37
85
-31
61
-41
-57
-11
98
41
27
52
-15
94
-82
50
47
-77
100
-27
64
-6
66
25
2
-41
25
56
78
34
60
59
-62
-84
44
53
17
-97
-77
92
9
63
52
-37
11
-35
-79
-88
56
-38
-47
66
51
-57
59
63
-5
74
-80
4
3
-98
-55
-21
-72
-81
-96
45
-91
-77
-12
-18
-35
-23
-1
-82
3
79
-25
41
-97
-33
86
64
-47
55
59
14
-25
-93
89
73
-70
-33
19
54
51
-65
18
-57
10
-82
-21
-13
-84
65
55
-9
28
9
5
100
-9
-58
-79
1
77
-19
19
-30
92
-4
-28
5
-37
-36
22
-72
-80
37
-59
-54
-93
4
-47
-18
14
96
-72
2
-28
-35
50
-12
13
-39
59
91
75
63
-79
-41
-45
-76
-64
44
34
-35
66
17
-9
90
58
64
-60
2
53
56
27
84
-65
77
-14
-99
-87
24
-38
-89
-35
-27
94
-20
-13
-69
72
6
19
-18
96
78
90
-50
90
70
-42
-86
-2
65
14
-2
-54
98
20
100
-15
-23
-51
85
-27
41
-93
30
-92
-75
76
-10
85
97
-56
-22
-75
-25
50
-43
64
67
-94
47
-29
56
18
68
-97
45
-67
-83
6
-96
23
99
88
89
2
-87
42
75
-42
79
-90
-26
-29
-15
11
32
-96
55
69
1
-87
70
-69
-48
64
-75
95
-53
76
-76
-10
5
-31
23
-31
97
88
50
-37
6
9
-45
-13
68
-91
49
63
92
-77
53
2
-43
8
-81
77
-17
-81
-34
-52
51
86
80
-63
-86
8
10
-40
26
-29
7
-71
-56
-38
-66
7
90
-53
16
-78
-41
22
59
33
-4
12
26
-59
-40
17
61
45
27
-70
-52
93
32
5
54
36
83
-5
-50
4
35
36
-62
-43
-60
-20
63
-76
15
68
40
-40
-8
-90
26
87
-96
-84
21
17
91
-79
44
-97
74
-54
88
-97
-16
0
47
59
-12
-91
75
37
32
-62
-8
73
100
56
-67
-50
10
-96
44
98
34
12
-60
-38
-12
61
-15
78
78
21
56
-96
-37
60
-45
-70
-76
69
26
-7
92
89
37
-25
85
-19
-19
-64
43
94
-15
98
-18
-31
90
27
54
88
72
-25
-98
54
47
44
-90
35
-98
21
6
-20
52
-7
84
42
26
25
97
34
66
19
97
-39
-86
85
6
61
-2
29
-40
-46
-41
68
-62
-38
-18
-64
12
-34
55
-28
-47
42
-52
65
-49
50
-91
-41
-93
-54
-48
8
-6
-61
-28
44
18
74
-12
54
-10
70
-34
-100
62
23
33
-11
-48
85
-98
39
-27
-63
-23
-58
-69
36
1
-31
88
-45
-97
-52
63
58
46
16
86
10
-59
58
-80
97
-25
-71
-91
-68
-82
4
72
-19
32
51
-98
34
-57
62
66
72
98
58
96
35
18
81
-31
-6
97
87
81
-13
-53
56
77
55
5
10
14
5
-98
97
-74
26
92
-85
-56
90
-31
16
-71
95
60
-14
-74
-13
31
34
-27
17
55
-26
66
-42
5
-32
-15
-72
54
35
33
-5
25
65
-68
29
-93
-31
85
24
-5
97
18
-62
56
-94
91
49
-100
84
0
10
-55
60
-6
-16
-27
-85
97
63
85
30
-66
-95
88
35
54
35
41
-53
-49
77
40
-53
-51
-35
-27
-40
52
27
65
-63
98
46
36
13
97
-3
16
-26
-2
-65
15
-98
-25
-84
43
-74
23
-23
-97
-36
50
-86
-5
-55
93
-52
4
51
-71
77
-39
-80
75
30
-51
-7
33
-10
20
-7
66
-48
59
92
-36
32
-32
22
-91
90
37
93
36
-77
38
-13
83
-34
-46
22
18
-92
97
27
61
-30
-82
39
14
-73
-29
33
92
-75
94
97
23
-73
58
8
37
-56
96
28
-36
11
33
67
-18
-5
-72
-40
67
98
-66
-8
73
-46
25
-49
-14
-78
32
29
-66
40
-87
86
-38
-18
40
-65
-96
34
-13
91
-82
1
55
93
88
35
-31
11
9
66
-40
-27
-26
-58
5
-94
92
-60
37
-63
-13
-95
84
-96
-57
43
9
-1
69
-80
83
16
-85
1
50
1
61
-72
97
50
-26
53
-17
-3
-31
74
-10
49
-19
19
34
13
24
5
-47
-34
2
39
-7
-21
-31
55
15
-66
-65
-78
33
-40
-48
50
-11
-7
62
-95
37
-44
-4
-58
46
68
73
-58
-73
26
-17
-20
-69
-51
8
-32
24
-24
-41
-47
93
56
81
-25
-50
-89
37
-89
-32
85
-47
-1
-18
100
-15
7
94
-18
36
-72
-37
-33
72
6
84
56
49
38
80
-99
-28
54
-62
-84
-40
48
-3
78
-17
74
-71
-62
44
-85
-97
-71
26
-26
89
76
-6
-16
46
-70
-72
-87
-79
33
-70
91
-49
97
88
-80
56
45
45
38
-55
93
1
50
-99
59
-37
-68
-2
65
-52
-8
-90
15
3
97
-65
1
-96
-81
-2
-42
-98
11
22
-47
-75
47
72
30
52
-29
-9
-13
55
-66
-85
97
-96
-91
49
92
-54
-52
14
81
80
48
-46
1
-88
90
-28
21
63
1
19
84
-39
56
-46
-83
74
-37
5
40
83
-91
-55
-84
-31
-19
-68
19
24
-97
-45
26
-52
19
-66
-91
-98
71
-16
61
-89
-82
-77
76
-92
-17
27
-66
27
32
39
100
9
-81
11
32
-69
-3
1
-42
-33
-86
51
7
-12
11
-15
-11
90
-90
-82
-35
86
-16
-38
-72
-38
-90
10
96
61
-21
-93
-99
-51
9
22
100
-53
37
-72
-29
0
94
-10
1
78
45
-64
63
2
96
52
-65
-16
51
32
-47
-7
-62
34
-68
53
92
6
0
-10
67
53
-24
33
-71
30
96
-12
2
-45
84
27
-53
-80
-88
77
20
-12
-6
30
-30
-72
-1
-80
85
-65
-69
-89
-17
75
92
-30
64
75
23
-41
52
-6
34
-89
-26
-70
-5
14
-53
-88
64
54
36
-10
91
-9
-18
-75
85
51
-85
-70
43
-42
-52
-5
-6
-82
-32
-44
-3
38
-47
1
63
11
-20
-30
-5
52
62
45
71
-76
85
-77
43
11
-67
-80
-65
30
-77
97
7
-80
-45
62
-75
52
98
-100
53
95
6
-19
25
85
65
29
-64
55
0
-19
80
-23
4
60
73
-55
-25
9
-31
-18
42
98
6
-13
69
-16
-16
21
22
-90
-55
31
45
-23
-25
-14
-77
-30
-20
24
83
-40
-64
-61
91
37
82
80
-50
36
58
-42
-58
-46
8
33
-94
51
-16
92
15
-55
20
-20
19
-23
-50
2
-68
-32
-69
-45
-76
-54
-29
62
-54
-77
-7
31
14
-40
-55
-40
62
-95
67
-65
61
13
-61
-43
78
-100
13
40
49
-9
54
51
21
-42
81
31
100
-53
89
11
-43
57
17
47
61
55
-55
-45
-68
31
4
86
76
-9
-80
-2
-74
84
-47
36
-58
-99
78
-19
94
73
-42
5
13
85
69
47
-61
45
-5
42
9
-38
-74
-41
39
-59
-64
-35
-80
-9
55
-37
-14
38
13
47
38
-9
85
2
66
95
21
-28
-1
46
67
26
-8
-68
-90
96
-69
6
52
-81
57
7
-20
1
55
-97
4
35
-51
-100
-40
19
1
-32
-10
-93
-21
-38
-16
-91
-89
20
82
-88
-1
64
-59
10
-25
4
89
-63
-22
-43
-35
37
-16
-98
-63
76
-34
-74
-25
62
-5
66
41
17
99
-32
36
28
-30
32
25
-82
-67
13
-15
97
16
85
0
12
-47
87
-19
-20
47
41
-52
43
-72
-70
17
74
31
-84
23
36
-28
82
-14
-88
-34
92
-77
-42
-10
-100
-8
-76
-58
-14
59
45
71
63
2
-71
59
-49
44
2
-92
-68
17
22
52
-87
28
50
-93
-40
-6
62
-50
8
84
-66
-69
56
72
-2
-96
-55
32
-77
87
-13
-9
-29
46
-30
65
22
59
71
59
-3
-60
93
-70
-61
-13
93
100
-20
-97
35
86
85
-28
-76
76
68
8
-54
-43
50
42
73
40
-56
-55
-1
-36
44
-51
28
-44
18
77
77
13
-32
12
87
55
83
-56
-70
-63
13
31
-78
-67
-90
9
-15
99
-57
-2
19
93
-88
-79
84
30
50
-30
1
-10
34
-99
-92
1
-3
50
93
-70
25
-93
91
46
8
-65
23
0
28
-98
25
-49
-73
-12
-57
-24
68
-36
-66
83
-59
-43
83
43
-89
-66
-72
19
2
-89
-10
60
18
-95
12
42
-34
17
-63
36
-39
70
39
85
97
-1
-5
57
-44
-40
74
90
87
-20
12
78
96
-89
33
93
-31
-41
-45
-9
-36
63
-7
26
97
30
-6
100
-34
50
62
21
-15
-51
-90
97
-100
38
23
-3
25
-6
8
19
69
22
42
-46
50
-79
-49
-43
-16
32
32
-51
3
61
73
44
-44
-95
81
5
-80
-43
53
77
-48
74
-16
-73
-12
91
-76
-75
7
-39
-56
-12
-84
72
82
-20
-51
36
56
-11
72
67
-64
22
-81
58
-58
76
55
-39
54
29
-90
-25
7
17
33
-97
94
28
84
74
62
-90
0
-35
46
21
56
30
-86
40
78
87
10
6
-99
-16
-48
87
-60
12
17
-38
3
-17
-69
66
-31
49
38
-44
-25
-54
-11
9
65
-80
-75
26
62
-92
66
-97
-8
4
73
-25
-93
-32
-56
55
-40
-70
-29
65
29
96
49
-20
82
-95
-50
88
53
13
-28
56
-54
-63
26
-6
-90
59
24
-44
-62
-6
-19
-16
-90
-11
-39
64
11
37
39
-18
11
75
13
-60
91
48
-97
84
73
56
0
-53
-42
67
-56
-90
98
-32
-42
16
-45
-10
45
-57
-31
39
-75
22
-36
-24
-47
-44
-88
-31
-13
-89
75
-4
-14
-45
28
-26
-99
76
4
87
68
4
42
65
49
13
46
-70
-97
65
-13
-21
-24
3
-8
-88
89
-44
35
-34
35
-58
-18
-98
-96
-62
-85
-72
-52
8
49
17
47
66
13
-92
97
-83
-73
-6
31
-1
85
63
69
-94
29
-5
50
46
44
-87
92
89
39
-33
23
41
77
-95
17
95
-85
-14
31
-6
-70
74
-26
53
100
-37
-60
-64
10
-1
69
-60
-96
92
26
-58
-73
-83
-27
24
-13
-83
88
98
7
-31
19
-93
-36
-36
7
-4
-45
21
32
-66
-59
-31
-67
77
41
99
-65
57
-76
-63
1
3
22
46
-99
45
18
29
46
94
-69
-96
-55
20
-43
24
-37
-53
-22
-91
-35
-26
86
64
81
92
-58
28
70
-41
-56
-24
-21
-21
56
29
49
44
91
22
29
-88
93
-41
-43
-87
51
65
-65
-55
43
-72
75
-67
62
-75
-40
-64
65
-22
-24
17
-56
66
-35
-5
1
51
75
26
42
-39
-14
-83
31
-8
-58
12
-71
24
-14
95
53
-100
41
-52
-33
25
78
-28
35
-28
85
-7
-23
-59
26
45
99
-20
78
-75
53
54
-37
-20
64
31
-24
68
-1
13
66
-34
91
47
9
27
-27
8
-100
-90
77
-5
21
-14
-21
96
-73
-99
5
68
-96
60
-21
-53
87
-38
-22
82
-55
37
-17
89
15
49
51
-72
-83
-90
-20
-16
-26
6
-8
-47
-24
42
71
-65
-62
52
-36
4
35
-68
16
-85
67
6
-88
-47
77
-55
48
-82
22
48
26
-22
10
21
-69
33
-73
-11
-99
-50
-97
-16
67
-15
-96
-65
-54
90
76
52
57
-23
3
32
-51
-14
-2
-72
29
-48
81
-13
32
-67
29
-54
-55
47
-53
-57
-57
-14
68
44
26
-47
13
79
-79
-67
-1
58
-86
-26
35
18
6
-20
47
-22
-70
59
-64
41
-96
4
-62
-11
6
7
-69
-86
-79
94
-42
32
33
-80
-4
79
-76
61
-19
-55
70
-32
85
-83
-67
6
6
-3
-6
32
-10
82
-17
-53
-25
-47
-76
-40
1
79
-75
56
-13
7
67
-2
85
-34
2
55
-85
-13
81
20
73
20
72
-75
30
-61
79
30
-50
16
-9
49
-48
-50
74
-79
-58
-82
-67
-35
94
50
61
-85
5
73
-26
14
45
1
96
-16
-91
27
-1
-94
-99
-24
-32
83
30
-88
10
-15
90
89
41
-74
99
68
-100
-45
-87
-43
63
49
-8
-81
62
48
26
67
73
-61
46
2
-90
-71
96
-17
76
-31
92
21
51
-59
85
-48
-34
-65
-29
62
72
44
-33
91
34
29
-88
41
-96
-77
89
-45
-38
-1
20
19
22
-71
-11
-82
-72
41
-20
57
-97
-4
-93
-19
-80
-23
-16
-21
-44
-98
-31
22
96
-62
50
-27
18
-77
92
47
22
0
97
-16
-48
99
61
39
-68
99
98
-24
-51
85
39
-42
-44
-33
-60
-29
79
-44
-96
5
-86
90
-98
61
-19
-87
20
16
-35
9
-94
55
34
90
-1
-78
78
26
11
-56
-44
70
47
-19
-84
-93
35
-13
53
-87
-43
39
55
-59
-6
60
47
-19
97
38
47
-100
35
-66
-73
-95
17
-19
58
-89
-50
-13
-89
-75
-36
19
-100
27
6
-82
31
-80
-27
-97
53
94
-76
-94
29
-52
77
52
24
37
25
46
39
-78
-9
-38
-23
-93
-44
67
47
-52
78
-10
67
-32
80
63
33
-49
98
-33
-71
41
-87
52
71
-13
91
-90
38
18
17
-38
28
-1
26
66
-69
24
41
-42
-65
87
-63
73
-11
-42
85
15
51
-43
-26
-69
-69
17
-29
-61
32
-49
-49
-31
-52
-51
-10
-46
1
-81
34
-87
90
21
61
-97
73
28
91
-81
-3
-2
-78
-72
50
66
-8
3
65
-11
16
-37
-100
7
28
45
-22
-83
-23
82
84
-74
13
-83
42
-53
41
-93
29
-57
3
16
-84
19
-75
-77
30
91
84
-91
65
32
-76
-52
9
35
26
64
-18
-23
98
-86
99
17
54
44
-70
80
58
53
-56
-71
55
-97
82
89
-6
25
6
28
-85
81
82
-72
100
30
67
34
-88
63
12
-17
-72
-6
39
85
72
4
-35
100
18
-41
-44
79
39
7
-81
93
-37
-31
48
-5
-73
90
60
81
-84
74
64
38
-31
-9
15
38
-57
87
-14
12
34
-46
-91
-16
-49
-76
100
31
-83
-40
30
-16
55
-10
45
-2
-45
72
40
-88
34
37
-32
-29
-50
-84
18
11
98
54
-61
-27
-45
-16
87
-38
29
74
-81
-26
15
0
29
-13
26
-13
23
-80
-46
52
18
-15
-2
88
17
56
-69
80
-64
14
-84
22
-76
-92
51
70
-65
80
97
30
-21
62
-81
-25
-44
-19
11
71
-26
73
78
52
41
63
-2
-51
-12
20
-79
0
-18
79
-64
-7
-89
-18
26
-23
74
62
-26
-28
-47
-88
-17
42
34
-52
-95
-69
32
-31
35
-3
-6
44
5
58
6
-65
19
-20
-9
-60
12
-61
-78
62
-2
26
26
-20
-65
-66
61
-31
99
-7
76
97
-25
66
61
-81
77
-65
-22
-50
3
37
-65
70
13
-67
-4
3
-78
1
-63
-25
69
-2
70
44
57
-58
81
-5
-17
-88
-15
-57
98
84
-66
-70
-55
-72
-36
54
21
-9
75
-88
-45
7
-50
1
-57
22
-99
35
-68
-27
-80
-34
-41
-35
-2
-83
89
80
79
-76
-25
-61
-39
17
-47
61
-27
31
58
65
-96
-1
-79
31
30
-9
-58
7
66
-61
88
13
-55
85
89
-53
-25
5
-89
39
9
85
47
96
40
-8
-59
-40
-50
-80
62
-83
56
-65
28
42
-86
37
19
-99
-92
-67
-80
28
5
-85
-65
65
-72
30
74
17
-77
-18
-32
80
-60
73
5
94
-92
88
8
44
-12
93
-7
11
99
42
-19
81
-51
-86
36
22
-3
-86
55
44
-72
74
-5
-58
43
71
-6
-76
-66
-45
-93
-27
39
-15
-5
-13
7
-59
47
6
-13
22
3
-12
70
91
50
48
52
23
-42
97
70
88
48
33
-2
-10
61
65
41
70
-16
8
-73
-43
53
42
-18
83
19
-47
-74
49
-55
3
54
33
-9
-19
-24
61
-78
-85
-19
-76
-65
77
54
62
72
34
-74
-81
-66
75
41
9
-16
62
-9
6
-50
-5
49
-14
66
-63
-93
-15
-95
-53
-2
-59
9
-29
39
31
-31
-65
41
-95
93
-22
-82
43
-64
-4
-66
-96
1
-36
83
78
39
28
-77
-41
-63
-91
-43
63
-98
74
6
-54
11
47
-35
5
-95
-21
-99
-5
21
40
60
-27
-34
98
-85
72
-36
-57
69
-55
15
48
-73
-43
-36
-7
-27
13
28
91
52
29
-96
73
60
13
-87
3
-16
-99
77
38
44
-85
-82
63
-93
-80
59
-19
20
-57
5
4
-67
-90
-14
-48
34
43
-21
85
-34
-38
30
-28
55
-100
-95
-31
18
26
8
0
-66
94
25
51
-66
-30
60
-30
64
-72
-35
73
-7
88
-89
67
55
-51
8
-41
-65
-42
70
-17
81
97
36
-92
35
-36
-89
-18
69
-83
63
-62
0
-71
90
-6
17
45
18
-56
-29
9
10
76
38
47
-29
13
30
9
82
19
-69
-11
22
-31
-46
-58
18
-34
-62
15
83
-53
-50
-85
98
87
-16
32
-96
23
39
16
25
-18
-64
-24
85
85
-43
15
7
25
-80
0
-37
-34
-76
48
-49
-6
99
65
24
-17
23
61
10
6
64
94
94
-97
-12
14
-89
-34
-27
-39
46
65
-93
-32
68
-15
80
-34
2
58
-74
58
-35
7
-85
-94
54
96
-75
99
-52
96
80
-44
-56
62
-82
98
-24
0
-62
-46
43
-56
27
61
87
-26
-74
-99
-25
-19
-43
46
99
46
5
-20
94
2
-24
-38
-6
-22
63
81
61
-79
-28
62
50
-9
-49
9
28
-56
76
-36
-56
-30
46
19
42
85
-91
68
79
54
-72
8
15
-8
32
86
-90
77
8
-35
1
57
-84
74
3
86
22
14
-62
-49
-27
-63
41
27
-38
-23
-75
70
-54
-51
-1
-82
-83
90
-84
-22
33
-2
-2
50
23
-44
73
59
72
-78
-79
13
-54
-7
61
-27
-31
-63
-77
69
47
16
-2
3
-17
70
78
-55
-74
-74
75
-79
-87
29
-47
-52
97
-51
79
-48
43
-58
67
63
-59
73
27
11
-34
19
-24
14
91
-76
-53
18
-68
62
63
-16
-89
6
-56
14
-10
-68
27
-9
67
-88
63
19
82
-24
-56
-86
-57
-79
-35
-66
-74
-71
-1
-77
-84
54
-59
42
81
-54
47
26
-63
-77
-77
-52
-76
71
97
-20
41
8
68
26
-71
-69
66
-85
54
-59
60
18
-50
-60
64
-62
8
-42
4
-44
-27
37
-43
46
41
75
-96
-74
84
-45
-53
-79
80
9
51
86
39
18
-70
31
-25
38
-7
-40
-49
-45
-79
73
-54
-2
-65
89
81
-32
83
59
-64
73
-41
-15
64
21
-82
-68
-77
-61
-94
-65
95
89
-65
-55
25
-21
-34
-81
39
8
67
-19
-34
82
40
-81
73
6
71
92
44
53
-74
-63
-13
0
-98
-25
-20
36
-29
-44
18
-4
69
-1
-34
-84
-57
-2
29
78
88
70
64
73
30
-13
-4
-22
6
16
-6
12
88
-12
25
55
8
56
20
-50
-87
44
55
22
10
36
-10
87
-89
52
-99
-58
-10
59
-22
90
80
61
24
70
-30
-26
24
74
-90
94
77
-55
35
-89
-56
51
85
-94
50
8
-2
27
62
-49
-84
-1
35
44
59
11
39
-80
18
88
-55
5
33
-16
92
73
-59
3
42
78
52
-47
-92
86
-73
-25
-81
-55
-74
42
3
66
-19
60
-97
-29
23
39
64
-21
30
7
33
6
-18
-7
97
49
45
87
25
-61
92
-31
84
-71
3
70
-74
-77
56
-28
-33
-43
-82
4
21
7
94
82
23
-3
-76
-40
97
57
51
-70
32
30
30
-85
-65
-27
41
36
-67
95
93
43
-47
-99
99
93
-11
59
-77
-40
-26
21
-63
67
75
75
-34
18
-51
55
-61
38
16
-68
8
59
95
39
-88
-16
-42
-34
-81
-44
-1
71
59
-24
26
-28
6
-28
-50
81
57
12
-35
-94
33
76
-62
-96
26
-6
-7
52
14
46
100
-76
-42
-90
-64
-92
12
42
87
-94
-78
100
-36
-47
-62
1
-85
58
-24
94
63
-25
-75
61
-95
91
-77
-8
-78
-36
-15
-49
-91
19
-57
-31
56
-32
75
35
64
8
-7
2
-72
19
76
87
60
-33
-79
-6
52
-4
100
-84
10
-98
40
35
94
-98
-58
-32
11
67
70
96
88
50
97
0
-92
-17
-1
-52
70
-48
37
-19
-49
-84
-52
100
-64
1
-56
-86
-43
-75
-27
-86
-41
-14
61
-75
44
76
8
-64
-76
97
-25
-38
-48
-76
74
33
65
16
94
-73
93
-7
-19
-14
21
-25
15
69
-85
-94
36
-95
9
26
78
-47
-1
4
97
35
43
99
-96
-62
18
34
-53
98
71
17
55
72
-59
-100
-11
-42
-75
-1
98
83
88
50
76
-46
-16
-19
-25
2
-8
-33
-93
18
59
-13
48
36
45
-47
24
0
-100
62
87
44
-95
-26
-73
-59
-91
41
-74
0
88
11
47
91
96
-100
-15
60
30
9
-70
-58
82
-35
20
-44
-32
59
-36
73
85
-34
70
96
70
33
93
-51
-55
-52
-53
12
43
4
-62
-78
52
-64
52
-76
92
-70
-53
-45
62
89
63
77
-77
-97
-60
23
0
-24
75
-80
53
75
-15
71
-21
-27
5
-6
-88
-58
59
30
-63
-61
29
-61
-49
-26
41
52
58
80
-47
-20
-53
-92
-94
-35
34
-100
-76
-27
-79
84
-15
33
-42
38
6
-33
17
-23
49
57
60
-58
-70
49
-2
-55
13
-68
-52
-32
98
69
-44
48
-55
-90
-91
88
41
62
-10
-22
-29
41
85
99
-13
1
-13
-26
77
1
63
-18
1
72
63
52
-1
97
-22
44
29
56
46
-45
33
53
73
-75
65
11
-30
64
0
48
64
93
-72
-3
59
-17
17
57
53
50
-6
2
-4
66
-76
8
-74
49
50
58
76
-68
-25
3
-72
-57
28
-90
-36
21
59
57
-58
70
-48
88
47
-89
-78
89
22
55
-45
-14
12
34
4
-61
-38
-29
-44
53
-9
81
-17
25
60
-98
62
24
-82
17
-25
12
93
-89
-41
-79
-82
21
87
-21
58
-99
13
-21
65
0
4
80
97
-63
46
96
-81
-49
-81
-27
-93
-31
6
-50
-17
-42
49
-14
-93
-75
-6
18
41
55
44
-34
11
-6
-25
88
-37
58
-23
-93
52
-13
-5
98
-23
-66
73
77
-15
88
-79
37
97
-11
-14
-56
60
-93
-59
-36
-85
64
-38
-67
-78
54
-88
28
-28
-65
-74
-97
-28
28
-1
-55
-100
-25
49
-13
-55
-56
-93
-22
-56
-34
-80
1
-59
88
-81
97
-61
54
26
74
-28
-77
36
35
94
-6
-44
74
-40
-94
-82
-83
-15
-19
14
-5
-76
51
-81
-84
-77
20
67
-78
0
81
14
-87
56
6
-96
11
-67
-71
-90
-24
-84
89
-16
-89
70
36
-44
38
0
32
-1
-23
-50
-87
35
-49
71
3
46
72
-26
-9
86
91
-44
-9
-13
-83
-59
-46
90
-44
78
-6
45
-41
45
30
41
-29
98
12
71
17
-75
95
-23
-75
55
-88
-87
82
63
99
75
-89
-36
-7
-74
95
-51
-14
29
25
-54
-79
85
-90
85
-49
-14
36
-95
26
-50
86
98
-71
65
-44
43
-22
61
53
-4
-34
37
-45
-43
-55
15
-32
78
92
94
-35
79
83
43
-35
-68
28
-7
79
14
-46
61
-95
-75
46
-66
-45
-60
-52
-76
26
-15
17
-12
60
-15
51
-58
-96
2
-11
86
-68
83
11
5
39
1
-89
59
87
66
61
14
76
-8
-27
-73
-37
-7
72
-11
44
100
84
-38
-39
-62
34
57
-67
55
49
-51
23
-79
44
-96
25
52
-2
89
-7
19
-54
-60
52
-18
70
26
8
24
20
60
85
100
-50
46
-96
29
22
-37
67
47
-18
-27
-78
-62
11
-36
-43
23
96
39
-53
-30
2
4
68
-23
79
47
-79
53
-47
75
-24
82
1
-57
62
35
-51
75
-21
-20
89
83
45
-47
-95
-15
-15
39
32
83
-69
100
19
14
-58
92
78
-16
31
73
-11
70
68
96
-15
2
-45
-60
63
-10
58
46
92
-82
86
-1
-62
4
55
82
-86
-70
53
-13
80
-77
-78
0
-24
-47
-88
8
-34
84
-44
-15
53
-42
56
66
-70
52
-12
-20
-89
29
-37
72
-16
-82
18
-22
44
-99
74
97
15
84
-44
34
-30
-99
17
51
21
55
51
73
-84
-96
-71
94
-33
-24
-95
-17
83
-25
72
28
3
-3
83
-41
-59
-62
-72
93
-5
28
51
55
38
21
-82
74
49
-48
-32
34
-3
62
47
-51
-39
-62
-100
-66
-73
10
96
47
-100
63
8
42
-8
56
-4
8
-12
73
25
60
11
51
-81
67
-13
-9
-18
14
43
22
25
-18
-16
40
97
42
-28
-68
-11
18
-96
20
15
75
-30
93
-20
-52
-47
58
18
55
-75
48
-93
-69
65
-16
-2
26
5
-6
-81
61
40
13
-28
-68
61
-74
98
77
76
-86
76
-85
-27
-54
-70
-77
-55
-70
-15
-81
-32
-4
75
-78
70
10
-44
-52
-64
38
-47
44
51
-41
3
25
-68
-50
45
-57
88
25
-28
75
-95
12
-79
-3
42
34
40
14
-22
-79
-45
-33
-7
97
-29
-59
72
9
-34
-94
-53
-93
44
3
-71
-37
87
21
-24
64
-7
26
-46
-57
2
-85
-77
-75
9
14
-60
54
-19
12
91
59
-31
-7
38
-58
-62
-51
-26
16
23
7
70
38
80
41
-83
53
60
-7
2
-76
-87
66
46
-10
-78
-54
26
-74
6
24
-64
19
91
29
-76
-78
32
82
-18
-95
-36
-93
-73
46
49
-5
-2
8
29
-84
-39
-11
-2
73
-22
-89
75
64
38
-60
-15
-28
61
4
-55
25
91
-46
83
16
42
56
-99
88
-19
-62
6
100
-16
54
85
-51
4
73
91
-61
-59
90
67
44
99
31
25
93
-15
55
27
-43
35
6
60
-39
-28
35
-7
-38
71
49
-42
23
-9
-70
-25
-100
71
52
-29
57
-71
-52
43
72
-16
9
-53
-76
82
75
51
10
-4
-7
-55
96
28
-17
-1
46
-62
-90
-31
58
9
15
-43
-85
34
17
20
10
-36
89
-69
-81
9
6
-91
-92
51
-77
35
-29
-36
2
27
12
77
64
-33
67
-85
81
-29
84
92
-47
46
-45
-18
15
34
64
-76
-7
81
93
-91
94
37
76
93
100
-94
15
-75
-2
-61
-50
-11
-20
-90
97
-54
-31
90
-99
56
-48
-69
-17
89
-60
-99
-4
46
-87
-77
-12
30
16
89
-39
-82
16
-48
-80
98
-68
9
90
-4
-67
29
-11
38
-25
-6
75
93
-16
67
-15
23
-13
4
-1
-41
76
-39
-14
-67
99
-72
4
-62
84
1
-88
23
62
37
37
-9
-3
75
76
46
95
51
28
23
-35
47
14
-79
-21
7
40
12
-15
-92
