-57
-87
23
-61
-35
-91
-32
94
-2
-4
-12
67
40
71
-77
90
3
17
47
7
8
-4
69
-37
12
13
44
85
-27
34
-57
87
86
46
-84
-80
-73
-45
56
45
-56
-88
-14
-4
40
-70
-43
-13
97
43
93
31
-24
51
-88
6
91
-70
-75
-6
-2
7
11
-75
62
-72
-82
87
-54
45
30
20
91
-13
0
3
-57
-51
29
-49
-41
32
30
52
73
36
-81
-15
69
-53
-84
81
74
-80
-45
15
-30
-32
18
55
-18
19
77
-97
96
92
-20
1
0
-15
23
93
38
73
71
-99
-88
1
60
-44
73
42
42
33
-49
-52
90
96
5
97
-52
-100
-71
-54
-79
-37
-99
-51
36
39
20
96
36
47
-1
-94
-94
96
-51
55
-43
-19
73
-38
10
-30
-19
-94
73
67
-72
6
85
-56
15
-8
-3
-10
78
-96
8
-64
-99
-28
52
47
-41
75
-79
-1
-31
55
-60
24
-22
-59
-78
79
-85
75
-57
41
56
3
-96
-48
56
-12
90
-49
77
-55
-36
-33
36
-17
45
94
35
-86
-39
-96
-40
-83
-18
6
44
-27
44
-20
63
-30
80
-8
-36
-78
25
-35
-88
-88
25
-60
-49
82
-54
96
-100
34
-10
23
-17
80
7
-52
-100
59
6
-98
-2
91
-95
-79
-49
-13
77
56
-97
5
90
-9
56
-92
47
-23
85
91
52
-68
21
71
-39
40
-19
57
15
-77
-19
62
-92
34
38
35
73
-66
7
-90
-26
22
53
-70
24
-32
41
65
-92
43
53
-66
98
14
-47
-62
-38
-1
-10
-36
-6
69
81
-84
-28
37
87
-36
-15
-17
-29
42
81
20
53
49
-22
76
32
79
20
-85
-46
-34
64
23
57
59
-23
-63
61
-59
23
-50
-81
16
25
-36
-42
-26
-56
9
69
-53
49
34
45
-47
-5
70
82
-27
29
-30
-12
32
-63
-92
-5
-66
83
-100
-77
-26
-19
26
-14
-5
-95
-68
27
-29
-8
-82
-86
-39
-55
-97
-99
34
-6
-41
-92
27
0
-36
-77
-6
-40
61
-14
45
-13
-29
41
86
-64
-99
-92
35
-49
75
77
0
-59
-66
28
-64
-48
-43
-30
100
52
54
-49
-9
-98
-57
17
58
37
77
64
-55
94
-14
-44
96
59
83
39
54
90
-4
71
-66
82
-99
-4
-60
-51
-53
-100
97
71
75
-82
-62
83
-53
94
92
87
-6
-82
-69
90
81
43
2
58
90
-23
94
25
9
50
-32
-57
33
-9
-28
-41
87
-8
-25
93
45
66
100
3
-3
99
52
-78
-48
-9
-3
-86
28
-82
-51
-40
45
45
-79
-80
-31
20
-75
-92
-72
-86
83
-38
-34
-89
-36
94
-79
43
36
-16
69
-82
27
50
-71
-80
-17
-20
-18
51
-75
69
-70
30
8
-84
-23
-13
-80
91
-72
-19
55
82
-53
-7
12
-25
-12
-22
54
-26
60
-81
99
-17
68
5
-91
-85
-69
28
-75
-35
-27
-82
-2
-23
53
34
57
49
1
-100
-93
-66
74
45
-2
96
16
16
41
-32
-90
67
-63
-18
30
-66
-2
54
-64
-19
-30
78
83
42
29
83
-80
56
-4
-76
45
100
-30
0
88
86
-37
21
-10
37
-1
79
51
-96
20
36
45
45
5
14
91
83
13
5
47
93
-79
25
-58
-51
-23
-69
-60
-89
-52
-38
82
43
80
-78
-61
26
-1
26
33
-92
-49
-73
96
-63
-30
-92
-47
2
30
35
71
46
-64
62
-26
-22
80
-91
-98
-86
95
-53
11
7
-16
43
-52
-66
96
-7
41
-52
22
96
18
-42
-61
14
92
-86
56
90
29
62
-33
-40
-96
-82
10
-47
98
45
-16
38
-44
-85
-26
62
-58
-21
-74
74
18
82
-67
80
-61
-57
-17
-31
83
-98
-54
-29
31
13
72
69
-99
30
20
-97
44
85
-13
-17
11
-96
16
-17
-82
87
-70
68
38
-10
-63
-32
56
7
68
77
5
-12
94
-19
-88
45
8
63
-33
72
11
8
91
-4
-81
-75
38
-24
-52
18
22
84
13
80
15
91
-23
-97
57
1
52
50
-90
-81
16
58
68
23
-28
-1
65
-54
-55
95
0
-74
-46
-58
-80
44
75
47
-49
17
-74
30
-94
-81
-29
57
-69
-30
-94
85
-42
-16
-84
-19
59
19
1
-71
-89
-93
-85
-14
-93
-83
66
-71
17
54
85
32
-67
-3
68
99
-1
56
70
-5
98
84
42
72
54
69
40
-12
-13
38
49
49
30
-21
82
-81
16
31
-87
13
44
80
63
76
-91
-28
-38
31
-51
-6
-95
-80
-94
99
-50
-2
-39
96
57
73
21
96
-22
54
-16
-37
58
-2
31
92
39
80
19
3
-80
-87
-89
-60
28
43
-91
-85
-36
-56
-91
7
-15
-12
80
89
-79
-42
63
24
37
-42
80
-83
-44
60
-63
-89
-46
-87
17
0
98
42
64
81
-9
-24
-58
22
-6
19
-83
20
30
-19
26
-82
62
91
43
47
82
-33
-88
63
58
-22
29
83
75
21
-33
-33
55
23
-71
-1
38
84
-34
-40
-78
41
26
82
79
47
79
-59
-12
75
59
-6
88
-83
-89
0
-84
-88
-32
-42
-60
-26
-23
11
-44
31
97
-95
9
25
84
-47
-81
50
88
1
-48
61
-77
78
31
11
53
42
-65
30
1
-37
89
94
98
42
99
100
-73
41
5
22
92
-43
88
11
-48
14
25
-91
-45
-79
7
64
-80
44
44
79
52
-18
-21
45
-2
80
-50
91
-7
-37
75
81
-87
63
-37
70
42
9
84
92
-42
14
28
52
50
-77
32
94
2
-31
-30
70
75
-87
22
-97
-10
91
21
12
-89
19
-74
-57
-46
-56
-36
-57
54
28
52
82
33
-52
70
11
-69
59
-71
-79
70
-14
2
55
100
-74
16
83
-87
-85
86
-92
71
11
-35
79
-5
92
48
23
17
-32
-100
74
-9
-69
-77
4
-44
67
13
95
-53
54
39
-22
-95
76
-11
85
24
46
21
100
82
1
-87
9
90
22
100
-85
85
28
9
-91
17
92
23
86
57
67
-98
56
-52
-52
-55
51
80
-92
44
74
26
-10
-36
55
9
39
-15
-23
70
29
-97
-27
-28
-17
69
72
13
87
43
77
-58
67
28
-1
87
-17
-98
29
48
-99
36
-87
-94
-95
94
-2
-94
28
37
-98
-5
31
-79
97
90
-9
-87
72
14
-55
-23
-10
27
25
75
46
90
96
-62
24
-89
-84
28
-60
-25
30
-61
-63
-55
91
49
29
77
92
-64
-67
33
-23
-87
91
93
-95
-20
-96
-98
12
-6
-48
-88
-22
59
24
-25
-79
21
-25
66
-98
81
-78
14
24
-32
34
80
13
93
10
-92
-9
-47
-20
-19
81
-28
97
3
6
-76
-68
-94
34
-69
-22
56
-46
45
25
81
-84
82
-86
58
-67
-87
14
-95
-45
-76
68
82
-69
46
-4
-49
-1
89
-50
22
93
76
90
73
35
-69
-40
-32
49
31
-32
-34
66
31
-75
-2
61
-64
-59
2
-74
19
90
-97
-62
33
-26
59
96
-92
-55
1
-99
-94
17
40
-23
38
-32
-78
4
-19
-12
-6
14
-92
22
-25
-11
70
-3
87
-5
62
-2
-78
-63
-79
-61
-95
-77
-72
-75
39
86
-88
-91
11
46
-58
-29
-16
40
-41
-58
-62
70
-39
94
16
-94
-78
-33
-59
-34
86
-25
97
20
28
-91
-13
-77
-78
-88
-63
77
68
-90
-75
-51
-76
33
-96
-88
78
27
28
75
92
38
-11
-84
-43
28
-38
-68
-54
-97
95
-77
-85
-49
-63
96
65
-89
-89
86
9
-90
-66
40
21
-10
-45
-23
-46
-92
30
45
-33
14
-27
-28
-94
15
-59
-19
-98
3
39
-40
1
48
-89
40
-57
-28
21
-3
61
-65
-59
-29
79
86
-72
-14
-90
87
-100
37
-1
-12
-30
55
-80
-94
-40
-82
-73
0
11
7
35
71
-67
-29
99
33
28
-18
96
61
22
-10
-5
-4
-43
-7
-59
55
-20
-51
-59
34
-70
-41
66
45
22
38
-69
-41
-37
71
48
97
-40
64
-15
-94
61
32
-5
-91
93
71
60
19
-98
18
70
89
-84
88
99
0
83
21
61
-64
-46
-29
-7
71
99
86
-65
33
74
56
88
-53
72
75
-56
91
4
22
54
-73
84
82
3
83
-29
-90
38
-18
-84
-55
-49
59
-58
-23
21
46
-27
21
91
56
-21
-72
-29
71
-84
-52
-59
18
-19
-10
86
-21
77
-66
78
88
51
-29
-75
-82
20
-100
61
-27
-23
-8
-35
-19
40
-88
51
-96
57
-82
29
-95
76
40
38
44
-73
54
-25
-64
50
-16
45
-68
69
-4
79
54
-3
-78
-88
83
19
-79
-87
11
25
-67
66
63
-83
-95
1
-86
-81
39
-4
81
11
-48
-78
-85
63
80
-89
-25
-73
100
70
25
36
11
7
27
-26
-2
-14
58
22
8
-10
-16
-64
-86
-9
47
69
84
50
-7
93
-41
-97
43
-26
-44
28
19
-7
60
69
-34
79
-56
-64
-16
-18
70
42
69
-33
45
87
-37
16
-75
-67
28
-84
-26
53
-38
-95
28
-71
-76
97
75
99
27
8
-73
-29
-29
19
3
-47
-17
-45
-9
86
-76
-19
-16
-11
-94
20
-16
-92
-25
19
70
-19
26
29
58
22
-36
-53
82
-38
-37
-24
-27
-64
32
-49
-82
38
4
-12
-78
-59
86
-22
9
-5
26
-62
-37
71
38
-59
27
35
0
-93
86
-22
-47
-70
-66
-39
76
67
43
12
-2
45
-63
86
68
3
-64
17
-62
-37
12
-42
-29
28
-64
-3
-91
-97
43
98
22
63
-58
57
-91
29
26
-26
-71
-81
-28
-67
-50
-15
67
61
-7
68
86
-29
43
3
96
-22
15
-44
17
60
-89
23
-69
-37
21
-93
-55
89
74
65
-18
24
-59
80
-89
94
93
-53
-53
-46
61
-26
4
-20
-64
-67
68
-93
92
-91
-34
-15
-10
59
55
-67
84
-20
66
65
61
-23
-50
-42
4
7
69
-88
87
21
90
-94
-56
-27
92
-15
43
-73
-22
28
5
-12
-65
-54
-88
-34
-79
-9
-62
6
0
-24
-81
27
7
100
10
35
62
-28
-66
58
21
7
86
-28
-11
85
31
-64
89
-65
19
-25
-19
72
-28
96
-53
46
34
47
-42
-17
81
-73
84
-23
61
62
62
-92
84
70
65
47
-81
62
-9
-46
-99
-62
-62
93
68
-46
-56
77
65
26
79
-90
47
25
-74
-26
-34
-46
-55
-34
34
50
-95
21
-31
-40
-77
93
2
79
54
-5
43
-58
62
51
87
39
-20
-18
34
19
-52
73
-29
8
-60
58
-19
18
15
-47
45
93
6
-59
-79
2
-4
72
89
28
99
-57
-20
-3
-89
-28
49
88
70
63
-69
-91
-41
-95
-68
-67
15
-74
75
9
26
21
-67
-93
-3
-13
63
-13
-13
-6
-88
17
-96
55
-8
1
77
11
-7
90
26
33
-87
-6
-23
-27
1
93
-44
-70
-12
-86
-26
81
33
-6
84
17
48
98
54
15
-28
-83
-45
-100
-74
-99
4
83
-84
9
34
-17
46
95
-87
75
-10
-85
-73
-99
76
-6
-27
-49
-16
70
-97
-73
62
32
-57
-9
-20
72
51
14
42
-89
-21
-55
21
52
-100
73
53
39
-28
54
12
-23
97
-98
85
81
26
11
22
-7
-47
69
-42
78
51
72
-75
-57
30
-71
93
-75
61
86
75
16
41
36
96
-23
91
-47
-14
-79
52
-53
-100
-24
-93
-83
83
-94
-73
41
-88
-87
19
19
-19
-5
77
-39
-29
-10
61
-64
31
-49
70
-88
-72
16
-66
8
71
82
96
-57
-89
-5
-27
54
42
-21
-25
12
-77
-42
100
-92
42
34
43
-45
-2
-22
-36
-53
-12
-14
-67
23
89
-93
82
-97
38
94
51
-87
-60
12
-86
-10
-71
-87
-29
-97
61
61
-20
-48
-7
41
33
-82
-59
38
-23
-83
84
-70
8
50
-88
-47
51
-88
-36
48
-9
-47
14
-7
17
21
-69
-49
10
98
-44
58
70
71
11
-16
-63
-3
12
71
65
18
-15
96
-97
-88
-32
-98
-16
0
-93
-70
-99
85
31
80
0
59
16
90
-80
-20
33
44
68
29
-59
62
-43
-5
23
8
-61
-54
-46
-56
49
-36
-14
-24
93
10
21
-63
46
75
-39
51
-84
39
-32
-41
15
23
-80
-66
-31
-81
-65
-29
-15
-12
-55
62
19
-64
-43
26
-89
59
-95
-69
4
0
-23
12
-27
77
-59
2
87
93
10
87
-93
0
26
31
-36
-80
23
-63
22
3
-75
-22
5
-27
20
1
-69
-14
13
99
29
86
10
9
-60
96
58
-38
70
31
-100
-26
85
43
97
-26
-68
-56
27
5
-50
60
-83
45
-56
68
-94
93
-97
24
64
21
-33
79
-28
59
-39
-38
96
64
-100
73
72
-66
-70
59
27
-83
-98
9
-91
99
-21
-65
52
77
-33
-4
-2
56
92
16
-85
11
-44
73
-60
-81
23
-2
-84
56
51
-70
14
59
79
67
74
-73
31
32
88
-57
-34
95
-46
42
-83
-91
84
-9
8
-70
37
90
-81
-9
-62
-2
-36
-75
5
66
35
31
-74
48
-67
15
73
46
-89
-56
4
21
-5
88
88
-70
-1
64
24
-93
9
-92
-87
68
97
-82
-75
-81
-59
-5
93
-16
50
-93
-58
14
-89
-99
37
-1
-5
95
-35
78
23
-60
100
-83
-24
-22
-68
60
-37
-16
-49
-33
-32
49
-96
5
-100
87
-2
-61
37
-30
46
-71
-44
6
-78
-69
-34
32
-56
100
69
55
-14
-39
-63
29
12
-60
21
35
1
-96
21
86
17
48
-68
58
15
-96
-68
-48
-47
-6
58
-79
-82
78
17
40
9
47
56
75
27
9
-36
52
-17
85
-14
34
50
-45
-51
61
-10
14
-36
-11
-91
-78
-52
-88
-67
0
4
94
79
33
-48
-18
15
-66
-34
-20
35
-79
-52
-70
-46
-64
37
72
-51
90
70
10
-99
-63
95
-68
-22
49
22
-61
-57
-7
60
100
-17
36
5
33
75
89
97
28
65
73
-48
93
-76
-80
-96
86
68
-35
15
87
100
-92
62
-79
64
46
-58
-79
-10
2
-64
-82
10
-86
84
33
-20
54
80
49
28
-78
100
-65
89
31
42
-47
-49
-92
-27
-80
59
12
-50
20
-94
-19
-39
64
76
-22
15
79
81
15
82
-50
16
51
-87
93
-52
-82
7
22
-57
-70
3
7
-33
-97
93
95
50
74
-29
-95
62
-79
-35
69
59
-25
37
53
-95
15
87
-2
64
-77
-17
81
20
73
-72
-34
-29
-22
59
-83
-100
-44
89
-7
65
56
10
-27
-7
-89
0
90
-90
19
-98
51
12
-30
92
-2
-67
-27
-18
-26
86
31
6
57
-33
51
-70
-64
22
-40
-76
62
-23
-46
72
-86
52
-53
51
0
-77
-82
-14
62
38
62
-74
1
3
-19
-80
-35
79
-94
67
88
46
100
89
-62
-8
30
58
-11
-90
46
-89
95
86
-22
-43
88
12
85
87
69
-50
-80
57
-42
-86
33
18
43
-62
-2
-27
71
-75
73
54
-59
-71
-19
-18
65
81
-87
-19
78
-76
73
-18
27
2
-92
39
-10
88
-95
-5
-39
60
-31
-95
-25
71
4
-5
-90
-71
40
41
-67
87
66
-70
-68
-87
67
-39
51
-91
41
31
90
-25
-1
27
39
-94
-17
-65
-49
57
53
57
-8
-11
-10
13
-59
-96
52
-59
-9
-6
2
80
11
45
-67
-31
84
7
89
-2
-25
-35
8
71
82
93
18
-77
87
-57
-72
81
-68
-50
12
-51
-83
91
-28
87
46
-15
20
39
65
-48
-40
-49
54
79
-41
74
-49
22
34
-32
25
6
96
11
-51
-31
98
67
-72
-41
-100
30
-56
-32
30
-58
17
-82
-74
66
68
87
-81
64
-63
-70
-18
20
71
4
16
-41
99
-40
-51
77
98
-11
61
27
27
0
-10
64
41
34
17
6
-41
30
-37
-62
83
-46
18
60
2
61
82
-5
5
-45
90
-92
93
33
84
-91
27
-85
15
76
-8
-98
42
-47
83
-61
-88
65
-14
-98
-55
10
26
34
18
59
-47
28
27
-94
79
15
1
31
31
45
-93
-57
-61
12
38
-3
54
99
32
57
69
-19
-82
52
90
-61
-52
5
65
41
-62
58
-41
-39
-34
46
-97
58
28
22
92
-10
-10
22
74
13
-15
-30
-19
-86
31
-60
44
-91
71
65
55
-14
-41
-8
-33
-32
-66
17
84
85
-14
-8
47
-94
13
77
-15
40
83
42
-12
66
-98
25
-39
23
-60
-77
-45
31
-100
25
13
33
-64
51
13
47
17
22
35
74
17
-84
44
-54
-55
-58
-86
-4
-50
-15
29
20
-2
58
39
-92
-12
-55
3
16
-15
-52
76
-14
-79
-64
-94
-51
-94
-90
-50
-68
-96
-39
8
-58
-27
95
75
68
95
-55
-75
54
-100
75
-81
31
-10
45
24
-14
-45
-36
-39
76
83
29
1
-5
-54
-39
-9
45
35
88
72
-96
50
85
-95
48
-84
19
53
91
-84
-81
86
31
84
-80
33
-82
72
-79
-22
-25
84
-95
53
13
-94
-62
-27
100
-22
81
97
61
-92
-58
92
-10
27
96
9
-78
46
44
75
16
54
-53
-65
-9
58
45
-77
-42
66
-99
-83
11
-60
-61
-70
18
32
-66
-3
37
-59
6
92
-62
28
90
-23
-85
-87
60
-7
46
-2
-57
-30
79
-30
54
-90
-77
72
-46
-98
-99
50
-37
56
-34
80
59
-82
-5
32
-49
-11
-21
-21
-43
46
55
-83
-63
-36
-82
72
-82
55
-83
3
-59
52
-80
65
-46
9
-71
-92
42
-66
30
59
-48
-41
-32
-27
-41
59
21
-69
74
93
47
28
-16
-32
18
-100
54
9
3
-53
88
-45
-80
-89
50
99
54
0
-25
85
42
-38
-23
20
21
-64
-67
36
68
16
23
80
-82
-64
-65
-13
1
16
-62
-21
-71
8
27
-69
46
-67
99
-61
-31
2
-89
96
-57
23
-44
-33
70
59
-99
-12
-29
-35
-98
10
-59
24
-10
-52
23
23
-41
8
53
-31
75
-40
-86
-27
40
-91
-5
-35
91
65
-38
84
59
17
-14
-91
50
3
76
100
-59
-84
100
52
54
34
6
-61
-46
-95
-66
26
-92
-70
17
98
60
66
-74
-87
-56
-36
68
-83
79
-63
-61
-83
73
59
93
9
-74
-2
-40
40
70
10
77
90
15
63
39
-31
-15
-9
-86
12
93
30
48
-41
-84
60
47
30
-66
82
27
34
54
24
68
-18
-91
39
-61
50
-67
78
-94
-88
-81
77
94
-95
-66
-5
-83
-27
88
51
-48
57
31
-20
-81
41
2
-61
-82
60
-71
-60
79
-89
-86
-36
79
60
9
-5
-67
-77
23
-46
-84
-12
-49
16
-52
0
89
74
45
-10
56
87
5
39
75
-84
-14
-29
-54
-48
57
87
44
-65
-5
100
-65
-20
100
86
-36
-9
-30
-18
-35
-98
48
-7
38
-14
-76
-84
34
-8
-48
-37
-55
-84
-99
9
24
-40
-34
100
-76
-10
-34
-47
89
79
58
36
-79
-50
-43
-74
-70
-46
-80
-87
-74
-18
-86
90
-85
-59
40
11
45
-65
-98
-28
-23
-23
-32
2
1
74
51
-13
19
-87
93
-32
-19
93
-37
42
-10
-45
7
83
58
40
-74
-25
55
-24
-24
10
94
73
53
-25
14
-100
-11
-67
26
67
28
33
41
-95
15
16
77
14
66
92
-91
47
-38
-62
26
32
-22
-16
-96
-64
61
-24
-14
-18
63
-53
-29
0
-74
58
-56
55
3
-100
37
65
-53
-96
-77
6
-14
-8
-75
-32
27
-94
46
12
20
-91
99
-83
5
-79
-63
-79
85
50
-32
-4
10
13
58
-48
81
22
77
-17
97
33
-95
54
-24
84
89
82
85
-8
51
99
-59
-16
0
-38
72
-90
-83
-75
35
-55
-58
61
-62
100
6
51
-69
-87
-52
-68
-26
-28
-57
29
-98
69
-59
72
100
40
77
-65
72
82
-94
43
-28
49
95
-92
-27
-26
-89
-2
0
88
-67
-45
-49
-98
23
11
10
61
-51
-97
-65
-79
63
49
50
2
78
58
36
94
70
55
98
-28
97
-87
12
-13
0
7
-4
-58
-21
46
44
34
-79
73
-24
-52
92
5
66
-50
-54
33
5
79
60
44
-57
15
81
-51
83
89
81
5
18
97
-67
-29
81
-49
79
53
-6
-84
9
-81
-72
78
9
-51
-89
-87
-80
-61
-10
98
13
-75
89
91
32
-36
95
-3
14
24
-9
-69
-25
21
-34
36
-59
35
95
-6
-76
62
71
-17
-58
4
-31
-68
90
-23
87
2
-81
-88
20
58
52
-43
74
-97
85
14
-38
89
-75
42
-22
-10
71
-73
2
25
-10
73
56
-74
-77
-16
-24
42
7
99
70
-62
-49
93
-3
95
39
-52
78
49
73
44
-20
62
-11
-15
99
30
55
-85
30
28
54
-3
-6
68
80
39
-5
38
3
-55
26
26
30
-47
86
-47
7
82
38
65
17
1
-41
-4
-10
29
-23
58
-27
26
-75
-7
-9
-21
77
-3
40
28
100
35
-64
63
-64
39
-46
6
-88
21
10
-8
93
95
-61
-5
89
-55
-68
-37
-53
21
-10
-40
-70
-78
99
69
97
76
-72
26
3
91
77
-25
-13
54
85
15
82
-52
-20
-90
-13
78
-61
50
43
100
75
98
-60
58
92
54
-34
-95
-17
-97
90
-28
-25
5
90
71
-44
33
49
-91
26
-90
-10
33
29
-99
40
-47
-61
77
37
22
-81
12
46
-85
62
78
-92
99
-6
-99
66
62
52
43
-22
99
85
-69
-37
-40
-28
6
33
-2
1
-25
-36
72
-61
-35
10
-30
23
-29
-81
18
62
-40
-69
29
56
14
80
-81
96
-62
41
-10
-91
-73
70
-78
87
34
-29
-65
47
-14
-56
-65
78
-98
92
47
2
-51
-64
-25
62
-85
29
-100
-68
52
76
14
-52
-86
30
5
-58
-43
-39
-98
-29
95
-11
57
-26
-37
-37
56
-47
98
-99
2
-59
44
-42
72
-88
-29
99
-47
-13
-43
59
-23
90
51
89
-48
-7
69
-51
69
-85
-4
13
28
42
-29
-38
-18
94
-88
0
95
-79
81
13
-4
58
81
39
-42
37
-40
82
-72
-42
-86
-10
1
56
38
67
5
89
30
-50
-78
-95
-60
40
-58
-16
100
-93
-70
92
37
-4
14
-14
-6
-100
-65
58
-78
94
19
71
21
97
-50
-92
50
48
98
80
69
-82
-80
-53
-11
-89
-88
-67
54
62
7
45
-79
56
12
-95
-78
96
2
89
-90
34
-72
-39
66
-86
69
66
94
-76
-32
-12
-55
-3
79
72
-66
-20
-82
30
14
-75
-43
93
48
-99
24
-31
-4
65
-74
-46
17
-38
36
32
78
7
80
-85
-59
-36
35
-63
73
76
-44
13
-25
-44
20
-6
41
62
54
96
-13
71
44
12
45
95
73
76
-13
85
46
46
84
-26
9
88
-58
-17
35
44
33
8
-21
47
66
44
-27
65
65
-51
-99
-48
-91
12
-29
83
-55
-65
86
13
13
-70
-51
-87
-51
-55
66
44
63
89
-50
-23
-3
-83
85
-79
-34
-46
88
31
-59
97
-60
-29
-96
-86
-79
93
2
53
97
-27
16
-61
0
-99
-63
21
31
16
-56
-51
57
-59
10
63
-7
42
72
-34
-12
49
94
82
87
60
8
86
-48
-88
-12
44
40
-35
-99
39
63
90
80
-53
-54
77
-91
85
23
-69
-7
32
-60
-76
68
-89
13
-22
-43
94
-15
-95
99
35
-58
40
15
76
-15
-3
-43
-43
49
-94
69
-39
-11
22
83
-45
-25
89
-40
15
-63
33
-46
-82
-17
-28
40
3
14
-63
75
60
-88
47
-60
-34
75
-60
31
25
-49
-3
-73
49
-66
-11
-86
-33
57
35
-80
82
100
-61
-67
69
86
42
-96
73
70
-37
-78
-66
-15
-24
52
29
92
96
51
19
69
-44
31
-48
-76
71
60
-90
-15
50
34
-60
15
-17
40
-38
90
48
94
10
84
-33
46
-90
91
-27
69
21
92
98
41
8
-79
27
51
-67
-35
-66
53
63
38
-2
-31
-64
-24
5
-32
91
-73
69
-54
48
66
73
-62
42
-25
-35
36
94
99
-2
47
66
-29
90
-32
57
86
3
-81
30
22
-18
87
-75
4
-14
61
-51
53
77
-56
-7
-20
-5
91
-59
50
-75
47
30
33
14
-72
32
27
17
-78
5
-74
-72
-50
-96
31
15
-82
34
36
-97
-69
5
-47
42
38
79
-31
64
-27
14
25
-56
49
2
88
-9
15
-46
37
-30
59
-81
1
-3
-78
-62
-74
-72
18
-91
-94
-8
82
21
-73
55
-98
91
37
-57
40
-89
32
58
-65
-54
-24
-56
69
-2
-50
-91
20
-78
-89
43
27
53
-39
-60
36
90
-79
14
-20
-62
-74
-96
-60
60
-3
70
41
49
-75
27
-43
-15
37
-35
84
-41
-62
74
3
52
-78
58
-31
-91
-22
-20
12
95
-14
-10
43
-84
-17
16
-16
-18
-26
4
9
15
-93
-46
-22
-98
8
1
-99
-69
19
26
-36
69
79
-18
-40
-62
-75
68
-89
63
58
92
29
-50
-50
-13
5
58
20
67
75
-44
-37
7
-16
-21
-27
92
-55
7
35
61
55
72
-97
-85
44
72
-25
-90
-17
-83
14
-47
78
-64
95
-26
-40
-99
55
39
6
-36
-89
-90
70
-90
-45
20
-37
-85
70
-90
-49
94
-18
79
-71
33
-32
-23
75
-69
-30
-33
-50
-26
-92
-26
-29
20
38
-34
-86
-25
58
-68
-72
72
67
-9
48
53
-35
17
86
22
89
-37
72
98
83
-9
-18
68
-32
-46
60
63
-38
77
-24
78
-63
-44
100
27
57
18
-12
76
17
16
1
-9
37
91
-7
-94
16
-10
-93
-52
60
-49
-89
94
78
41
92
-92
-63
73
-71
77
-68
46
-17
38
95
-73
97
73
12
45
-85
98
83
-46
71
9
99
-21
98
-63
-31
-98
-10
-58
-94
-7
-49
39
-45
-71
63
-25
-47
27
-34
40
-82
5
74
29
55
-57
31
18
47
46
-50
-18
47
48
14
-73
-81
29
90
-31
-19
58
-47
26
36
-43
93
55
40
-34
-99
37
52
-24
32
16
85
-66
73
-68
70
-85
33
-42
91
93
42
35
-33
50
-44
-18
50
-25
-31
47
-30
-48
-3
-100
44
-42
-64
-38
9
-66
-38
-67
-26
-54
-41
40
-36
15
-69
99
38
-42
-17
24
75
88
64
-97
84
-26
-31
-60
-10
-79
-78
100
-53
83
-73
-86
-64
-47
81
-49
-1
-51
-52
81
-9
21
-69
36
-96
66
85
52
26
74
69
42
44
-17
-40
-25
-31
81
-29
-23
-30
-61
4
4
-95
-50
-34
48
15
-96
-51
-95
-97
-38
91
6
25
53
52
97
-64
96
-52
77
81
-15
3
19
56
52
-73
63
3
-85
-34
-14
18
14
-54
-30
-47
90
30
92
-22
-9
68
37
-67
90
-44
-79
-36
-92
59
-56
22
47
90
4
-2
-70
82
39
13
17
95
50
-5
42
-62
95
-62
1
-63
-44
-13
-28
-40
-96
79
62
-98
-27
-48
90
-17
37
-48
4
-68
47
-13
-2
-71
100
63
33
25
71
-7
43
14
48
32
80
-49
-34
-84
-99
91
60
-96
-48
19
82
40
-80
75
-98
97
-99
12
18
1
-57
-28
-32
77
84
48
84
-75
-32
-8
-22
-15
22
-89
69
-86
37
47
20
-25
-1
76
-59
30
-45
77
-15
75
30
-68
4
91
-63
9
-59
12
95
-11
46
74
96
10
8
-66
62
37
98
66
60
-19
18
19
50
66
36
-20
-85
-59
-60
-54
-96
87
22
-95
-26
9
-36
-42
-17
-1
5
-31
13
34
78
56
12
83
-87
78
-27
-37
-99
-97
52
-45
85
18
-25
47
-99
5
-95
86
42
56
-78
-75
-18
49
-72
-76
-61
-69
-91
-80
-78
-74
-23
64
27
-8
-91
47
-81
92
76
80
-4
-92
17
59
-4
-66
46
-75
-94
53
-10
-4
11
31
49
-18
9
78
12
78
-71
-26
-57
16
36
-67
2
14
19
-5
-24
-58
-94
90
38
85
88
-94
66
-27
-97
-62
-51
-58
40
-83
27
-59
75
-39
67
11
-58
67
90
52
-2
49
-77
-65
23
99
-48
97
-85
83
44
-92
21
15
63
-94
-45
21
3
-11
17
-16
1
-39
6
64
-63
64
93
1
65
-64
-21
20
21
-84
-60
5
44
32
-96
-72
-45
-50
4
95
89
-74
1
43
99
10
-81
-66
88
-27
27
74
51
7
80
30
84
-77
-2
76
76
-78
-32
77
-51
27
-18
3
18
56
-70
5
8
80
98
27
72
27
71
-90
63
-35
66
-12
8
59
-14
-76
-89
-11
-63
60
-90
-95
87
53
-79
91
70
-81
-96
5
27
97
20
27
-34
-46
94
-9
14
10
45
49
-92
91
19
-29
-37
-26
-94
38
-36
61
69
46
-43
-71
45
85
-36
-99
-9
28
1
-47
84
-11
72
30
-7
-42
-33
-52
-98
83
-28
96
-79
41
-64
-63
69
-95
35
-23
86
99
-70
100
-82
34
37
-33
87
-43
-23
70
94
-81
-43
67
84
-32
-100
55
-19
51
67
72
-55
-7
-62
-36
72
51
42
-43
98
-57
77
96
-61
-18
-45
-28
-48
52
94
-54
-72
26
-40
-96
34
74
-52
-80
90
-34
95
61
-20
87
6
-91
70
64
29
-71
99
-58
-67
-69
-42
-68
8
51
-14
-28
27
48
-69
6
-37
-29
52
48
-49
-34
-17
97
-72
7
-93
-85
-25
-92
15
56
-89
82
10
-49
18
7
-82
81
89
-9
-63
-39
-56
-100
25
-53
-54
50
23
93
79
-35
67
24
-34
66
-60
81
93
63
13
-18
-95
44
-64
-82
-57
-20
-33
-31
93
-2
-21
37
12
76
4
-96
-67
97
79
18
-41
-76
73
28
-44
74
6
-88
-91
-64
59
75
15
-44
82
58
-96
-52
-54
-19
-98
12
66
-82
-58
19
4
70
98
-8
-67
-44
-60
-70
-14
87
-86
44
86
1
85
-81
-94
-44
-52
-2
67
64
19
91
-18
-7
74
-26
-74
-75
-46
17
-19
90
6
45
-27
90
12
-63
-63
-34
44
92
-50
-9
92
-60
81
33
-40
37
-93
-30
99
12
46
3
-4
28
13
-18
-67
47
17
68
56
73
-60
13
-13
-10
-14
88
-47
-97
-70
56
33
42
86
-69
96
49
-3
-16
7
-65
64
-58
-15
19
-12
32
8
-73
-4
-46
47
-21
-10
40
-44
-91
-9
-55
73
-40
-88
11
-40
99
-62
48
-61
-22
77
-20
-66
-64
-80
61
-4
-44
-81
83
36
-31
-19
26
-34
8
69
-59
29
-99
-78
-2
-27
47
76
-44
27
12
25
-94
70
-27
99
46
4
80
-22
31
-87
78
-61
33
95
-34
-76
100
58
-6
-15
79
-55
69
-69
91
-38
92
65
-9
78
-37
36
-63
-11
-97
-13
10
27
-42
7
2
54
15
-80
38
38
32
-35
15
-42
-61
57
60
-44
46
39
61
-33
55
-25
65
33
-43
51
98
-52
-7
-1
-40
54
26
57
22
-20
-19
-47
-59
-57
-96
-22
-7
12
-9
-7
97
8
10
-80
15
-1
87
-31
-44
66
-48
20
-32
86
16
3
-64
-23
-98
-31
37
-98
-17
-4
45
95
91
-20
1
-75
-96
77
-40
89
-70
62
-30
37
-95
89
31
-18
50
64
31
-56
80
-68
-12
3
-69
34
-71
-85
83
-32
40
57
78
26
-83
17
29
-18
60
29
-90
63
-60
67
-88
41
-13
-11
-28
12
44
-63
96
-21
91
31
94
-56
43
-99
36
-2
41
-99
31
-47
91
-27
18
-3
-47
5
-77
60
7
-13
53
-26
34
77
-56
73
54
22
-59
-74
-4
55
1
77
-39
-91
-46
20
55
60
25
-75
36
4
59
69
35
85
-22
-98
-25
31
92
53
19
-75
-93
-73
-21
-15
-9
67
51
-29
-24
-80
-74
55
-97
95
82
46
-21
-16
44
-16
-32
-99
36
-66
-40
31
-6
-7
-53
-74
-25
73
34
57
33
-15
15
-52
60
46
30
-51
52
-47
41
-24
46
-12
48
37
53
16
-58
5
15
-51
-61
61
-43
-89
77
-6
37
49
68
-5
100
4
89
-69
-45
-27
43
-60
69
-11
-18
30
-64
-29
10
83
-7
74
91
20
-80
-1
-78
60
65
35
8
-9
-96
35
71
65
86
7
9
29
-75
-37
80
4
-45
-8
91
0
-54
100
88
16
-63
77
41
-14
-76
85
35
-87
-72
29
-44
-47
27
-28
-53
-53
-79
-82
75
-44
-71
-17
88
-4
31
30
64
-22
89
17
-4
-88
-1
-58
94
-48
82
84
-67
43
95
43
-59
6
-66
-78
78
64
-46
-15
-82
-67
-94
-29
-87
-64
8
-86
88
-24
-19
-98
-54
-83
73
-86
12
59
-76
25
-32
97
18
-58
71
-79
21
-98
57
8
-50
17
26
58
69
-100
72
-73
-16
48
-34
-40
38
90
83
47
-14
-80
-9
36
-21
10
-12
86
32
73
-96
-25
22
-37
-65
26
-86
26
46
-65
16
65
-66
35
-1
-4
-80
37
-3
57
40
-81
-25
99
-87
99
80
15
96
-93
-82
-15
95
-47
61
65
99
84
-62
71
17
53
-31
-28
-34
-58
-64
-89
-41
47
26
15
57
-59
-44
58
37
8
-25
61
73
-29
-96
59
-51
22
100
-91
38
56
16
-72
22
-78
48
-60
-53
-70
-90
-23
-64
-14
-48
-34
67
77
-52
-31
16
-79
69
-4
35
-6
-13
-28
10
64
-48
-46
-48
50
-67
92
-32
91
-30
-44
-84
-45
58
-89
-18
-27
-28
9
-43
93
74
33
-86
-15
18
83
-15
22
74
-55
4
35
-78
17
-63
-56
-57
39
98
-28
-2
53
37
73
25
-8
-2
78
50
-3
9
67
-58
-10
-54
-51
-33
83
-4
-15
-36
-22
-97
-15
89
-81
43
-97
-22
-90
-27
-61
-35
-12
47
14
-76
-24
-36
83
80
-52
-40
-65
64
-45
0
-21
-27
-2
43
62
-26
-82
48
-32
72
-7
-91
27
13
-16
54
43
82
-51
65
22
-75
18
36
25
-50
86
-54
-77
59
-97
81
53
-99
-14
48
51
92
-45
62
-70
71
-46
2
18
-26
85
-77
-60
-32
22
52
-64
-29
83
-37
-36
17
90
-8
-73
98
31
19
-87
71
83
-97
-57
-84
-78
69
20
21
-50
86
21
-98
25
-67
-2
30
89
-5
-77
-60
-31
-1
73
-39
38
-40
61
-18
-65
-67
7
9
9
51
-48
47
-97
-52
-44
68
16
-39
-48
7
-45
54
-63
70
21
50
2
-64
-73
-91
-67
-11
25
11
34
-99
-57
-60
14
-54
-32
-65
-8
-29
9
-69
-80
-22
41
90
57
-71
-11
86
39
-39
9
48
-82
93
50
-28
-89
-49
-17
-70
-11
-54
4
44
38
15
-37
100
-85
-13
89
72
83
-46
31
67
-63
-94
8
51
74
3
29
-36
80
42
8
24
43
-28
-99
10
32
-88
65
98
-11
-40
-12
93
-32
-6
73
-98
85
-11
-71
-55
-2
45
62
-23
23
78
74
-73
-47
83
-28
20
96
51
-50
91
-69
16
-19
79
60
26
-45
-14
-83
-43
-53
55
21
-62
98
54
-80
-97
45
-67
-98
-32
-83
74
72
-8
72
-57
40
-2
17
-46
-72
-41
14
-82
23
-60
89
54
-54
78
74
-80
88
-16
28
45
-83
-9
-6
46
85
-98
79
-90
-80
45
-31
76
17
11
-19
11
-24
75
40
43
64
63
-60
-24
12
65
-64
-81
-24
48
74
-78
-51
69
75
-6
40
72
-88
79
56
-60
-71
-94
62
-38
17
-1
74
-49
-48
55
-98
-40
-12
-81
90
30
21
43
69
59
25
97
-85
60
6
-23
-66
4
-93
-45
-22
-15
59
-50
-46
0
51
33
87
54
8
-39
41
63
-47
98
-12
20
-21
90
70
71
21
-14
87
28
-90
50
-85
-38
-98
-41
-32
-26
86
67
5
-21
66
68
-77
-26
-74
48
31
-86
-69
48
-54
-16
-90
-86
-19
8
85
39
-27
38
34
8
3
39
-5
-87
-68
7
-44
-45
10
-46
42
11
27
-5
21
71
77
-54
-25
-28
-31
-38
-23
-94
-99
5
-84
28
96
-9
100
-9
100
-20
72
-88
-88
-82
-98
-96
58
43
60
12
13
-42
94
-74
-93
85
39
21
85
86
34
-46
-48
-40
61
81
47
22
-49
78
-87
58
-9
98
-49
-17
67
28
-22
72
-74
58
-19
21
-11
52
47
-69
96
60
-46
46
-91
25
94
-57
72
98
-74
33
56
61
-62
-96
-73
-46
91
-16
-61
-85
-72
-70
6
35
-68
-70
67
-49
43
37
63
57
-55
89
7
7
85
-86
-26
6
-96
-67
63
-18
59
-36
-31
-78
-12
23
92
-76
-52
69
29
-81
-54
39
76
61
-88
72
56
13
-41
88
10
-28
100
-41
-11
-95
-43
88
3
-15
-65
16
95
-94
23
-29
84
-33
-77
-41
43
68
25
-5
48
9
-92
53
-8
-87
-67
-89
35
5
23
-20
89
-24
72
51
69
-70
95
0
-19
3
-77
36
-23
-75
-3
17
82
41
53
52
-20
-72
79
-86
-34
-52
-95
-74
0
-78
-32
6
-76
39
-13
-44
-51
61
-79
-75
7
-1
58
20
-55
83
-22
6
98
76
72
-66
-5
100
-64
-51
17
-14
-14
34
87
64
-80
-82
29
-40
-86
-64
-21
96
47
25
34
-62
-66
-12
-33
12
31
23
29
-43
37
90
44
66
-31
45
47
15
21
96
36
26
90
68
93
61
-82
-48
-99
-37
82
-70
51
32
80
-97
92
-70
-29
-1
84
37
49
42
86
75
-92
8
7
91
85
-51
-50
-33
-39
70
-20
66
69
30
-93
-65
92
49
41
66
74
56
-65
71
-72
18
44
83
86
-99
-30
100
82
-70
-31
-53
-8
-99
-100
-12
-7
25
4
-79
-4
-29
5
-96
-48
-51
7
85
-67
70
-16
28
-25
70
-30
-36
-2
76
-41
96
81
-79
56
6
15
22
43
83
-84
-76
7
13
-14
-2
-92
-77
51
-18
94
94
90
0
-19
38
39
-78
-83
-68
58
-1
37
-3
24
-15
36
-20
61
-15
80
-78
-91
51
12
-78
28
79
-38
-1
-82
-92
87
88
-67
-76
41
44
6
4
59
-39
28
-4
-16
-20
53
55
28
-29
-93
-7
-66
-1
35
91
72
41
33
-47
-89
27
-86
-92
-99
45
-69
89
-57
-75
-87
75
52
11
3
69
37
76
15
-33
-69
-74
-90
21
-36
-58
-96
-91
39
15
-25
-80
36
-39
49
-98
-33
83
-50
-59
-51
15
-69
-74
46
-78
-29
-32
16
-35
-16
41
65
-98
78
44
-60
81
20
-5
55
46
-25
12
62
-19
3
88
78
100
-100
14
-54
-79
-31
41
21
-95
-37
-52
23
-11
55
-8
-100
59
-84
-25
34
-23
-55
19
45
-41
-97
-2
-7
33
-10
-47
-33
-52
-60
-39
13
-53
-45
-22
56
-47
22
-74
7
4
74
-71
48
-77
91
-86
60
-47
69
75
-34
47
-69
-58
-13
-45
-13
25
-29
-29
92
54
30
-53
-18
-8
92
-91
-100
41
-8
17
-46
14
-82
0
100
61
40
64
36
-93
-49
-32
36
-23
53
12
-89
-96
20
52
18
-39
-72
-36
18
10
49
64
73
19
-32
-15
-57
22
47
62
95
63
-51
-58
-52
-60
48
85
-6
89
27
-36
-77
-2
33
-34
62
-38
13
32
81
-77
73
34
-99
-5
-4
28
-75
-73
54
62
-26
-80
19
85
-85
-32
-46
-20
-13
-13
11
-6
-78
-9
41
-48
-87
52
15
-65
-69
-74
34
-19
44
12
47
5
2
-58
7
-86
85
-80
84
-45
-14
2
-81
-39
32
2
-1
-33
39
-9
-72
-25
-39
51
70
100
-63
96
-22
-16
40
-93
-69
85
-40
-29
-96
-44
-6
-5
-54
95
72
19
30
56
6
91
-3
-84
-21
-41
81
-30
53
-88
-87
-33
-42
-76
86
98
4
16
7
-3
-27
-36
56
100
11
56
-45
-42
96
19
55
-95
79
-59
-44
-22
39
27
70
-20
8
-49
-9
46
-98
18
30
63
90
-79
-14
77
-65
53
81
3
-45
16
-11
37
-79
-1
-34
-2
-56
32
-5
-31
-92
95
-9
32
15
46
-35
58
-52
-22
-36
51
-64
24
21
79
-94
17
13
39
38
-11
44
28
49
-75
-47
-72
51
-53
80
-21
25
21
-96
-52
-32
-69
-71
-58
18
67
14
73
-16
7
-47
50
-22
-31
34
88
73
78
-64
-46
46
-82
89
-52
-53
-98
-85
97
51
-71
90
59
82
50
-81
40
-94
7
-13
-65
70
16
7
-25
-53
-53
60
58
-59
8
12
29
29
47
30
52
-39
75
-22
-85
-32
76
30
-78
64
-100
-94
-50
-91
-81
-34
30
44
-94
93
30
46
-92
3
-81
18
95
25
-71
-31
64
-46
-69
93
-25
-51
-43
84
80
-48
99
5
32
-91
2
-78
35
87
22
-14
58
-92
-65
55
61
-36
-84
-49
28
-63
37
-75
-43
-57
-58
21
-32
34
65
76
-80
-45
23
29
59
11
-28
-46
61
-27
-89
13
59
10
59
31
-13
61
95
-95
79
7
0
-71
-22
-27
100
66
29
-57
-92
-91
91
51
-34
32
-60
49
50
-35
-64
-100
8
-29
-50
88
30
-22
-70
75
-49
-81
96
38
-100
-74
-72
74
54
69
19
-97
18
-88
21
-13
40
-25
-1
-14
79
4
36
-24
-41
-14
-23
87
-96
-85
-72
-13
91
-76
-33
-7
-91
0
-53
32
88
-82
35
-93
-80
25
-38
-71
66
-62
37
-65
33
20
10
99
11
45
44
98
-13
89
49
-35
74
90
-40
99
-72
100
13
-31
-45
54
-10
98
23
65
51
-47
84
-13
-45
32
63
-4
74
46
7
-52
85
23
-32
15
-11
93
-4
-83
98
99
78
2
-1
-78
59
-76
69
-15
45
48
-90
-85
40
57
43
97
-55
36
92
24
-96
54
86
65
54
1
33
-61
-41
11
73
-13
-5
-91
-71
77
18
-50
-26
-76
-25
54
27
-50
7
94
-76
-24
74
-23
-12
-73
-39
10
52
41
49
-24
50
-20
-82
80
40
48
78
-36
46
-72
-17
-83
-73
-4
-51
2
-53
51
18
-4
45
-46
85
-95
45
-97
-2
76
-59
75
72
-32
-96
59
-20
1
-55
6
-33
-97
-4
84
86
-36
94
48
74
100
76
-30
99
-30
72
-39
-63
50
-76
69
-65
-11
22
-97
-8
60
61
0
20
15
37
-24
19
50
-83
55
54
26
30
-14
93
-89
15
72
93
36
63
76
86
33
-11
-85
-92
-71
49
10
-14
94
16
-98
-45
10
43
-27
-62
-59
87
45
23
33
-59
98
1
-52
9
-73
-9
-93
90
-29
91
-26
82
65
55
-66
29
-95
-22
40
19
37
8
-72
-82
-98
-87
-69
-80
-12
74
64
-96
60
33
35
33
39
-97
-87
89
96
99
88
-25
-22
-61
-49
96
0
-17
-39
-29
-54
8
-54
-48
47
-66
-65
23
-53
90
-66
-10
-21
40
-17
-60
89
70
24
61
49
75
-90
-39
-23
-33
100
94
-13
96
91
0
48
-99
-59
78
-49
-70
83
-78
-58
2
1
51
-93
14
-1
94
-28
28
-98
36
85
28
48
-84
61
27
-89
-36
79
72
-53
12
-83
96
-92
-81
-43
9
96
-58
60
84
44
-43
88
-42
37
-24
-84
-24
29
62
-61
-71
30
-46
-96
-97
-83
-40
-83
-75
-8
-23
58
-13
-47
-24
81
-78
-80
54
93
93
-6
28
33
-9
10
69
-41
80
41
66
9
87
65
40
51
-88
-33
-38
-41
57
2
-80
-90
36
-15
89
87
-32
7
13
47
-4
15
-50
27
81
-5
-60
-46
-92
-62
1
10
2
33
-65
90
-90
-94
-38
-38
8
25
68
-96
87
70
79
28
-8
-55
-46
45
-41
81
5
83
5
-72
42
-49
-90
54
75
47
43
94
-4
55
-48
5
31
68
18
-6
-29
-79
48
84
68
-64
-37
52
43
62
72
31
-51
18
67
-84
69
-50
25
-15
70
98
96
68
-15
49
13
59
-7
-4
27
-92
83
2
38
59
-16
1
29
-18
80
62
28
-3
-76
-31
20
-24
87
56
31
77
56
-76
100
-46
95
-20
59
-75
95
97
-9
72
30
36
24
9
8
-43
-18
-74
91
-78
-86
-3
95
6
48
-85
-35
30
-16
-19
-57
-3
-69
86
-25
48
-18
-83
-63
14
6
35
-32
9
71
-1
44
-1
-92
100
34
-53
-94
-14
54
16
97
83
19
11
50
-27
-74
-30
98
-16
87
44
36
-41
8
39
-41
24
38
4
29
-58
95
86
64
-55
2
-6
37
-44
-82
-84
79
51
54
98
-88
85
9
-35
61
-57
5
-81
-85
-75
73
-27
2
17
-35
12
10
60
-48
91
21
77
-87
-53
27
61
16
-49
68
83
94
-13
-32
30
90
19
-57
-51
93
-80
-79
-45
-81
-57
-50
27
-50
-99
40
64
62
84
-9
-44
-60
-45
85
77
-60
56
-2
-36
-20
-62
-30
11
31
19
64
2
78
38
77
-22
-36
-4
46
58
58
-90
24
-41
77
-39
-52
60
-68
94
-20
39
2
39
-67
-75
0
-91
45
-40
-9
-41
41
-40
-83
-17
-99
-93
48
-24
-39
-20
-65
-7
-100
-87
25
-63
1
26
31
-4
-100
26
-97
-62
-39
63
-86
16
100
49
9
27
55
-40
28
-42
12
-6
-86
-17
80
-38
3
58
67
-78
76
-61
88
-20
100
-32
68
11
42
16
-91
33
-78
-31
0
-73
-39
-92
-11
58
90
48
4
-51
100
-87
30
-88
3
34
-76
-14
46
96
12
-26
0
-100
87
-81
-78
19
91
22
4
-69
79
-9
88
100
-99
22
95
-56
-90
-2
86
-12
23
-76
-54
20
35
-80
77
82
52
78
9
8
90
-64
55
39
-85
2
56
97
-95
18
20
30
33
-32
-27
10
-91
88
-8
31
32
-34
-54
-75
-33
32
-64
-33
-26
-86
18
-58
5
-37
-73
16
-87
87
61
39
86
-81
-85
47
-54
45
22
-62
-81
-56
-85
-42
57
3
-39
-60
63
38
44
-87
-100
81
-80
53
-37
93
6
0
28
-87
46
-32
-43
-37
23
58
40
12
-44
-16
56
-94
-15
-95
8
-88
71
-23
71
-62
77
-5
-73
-45
12
1
24
58
87
-88
-79
8
-23
-68
-1
-7
-30
22
-65
-32
-4
-78
81
-94
88
100
-41
90
50
-38
-74
9
100
27
88
51
43
7
-99
-31
-3
84
35
14
-42
-10
-82
-51
-56
-88
-96
36
-81
18
-36
-10
-66
-17
2
-66
26
91
-30
18
27
52
-90
-28
100
-88
-90
-92
-86
-69
-97
15
-44
-85
34
-79
-16
14
-43
-6
100
-4
52
14
95
76
3
82
68
66
0
-28
38
-97
-48
86
18
-36
70
-51
-91
-58
-9
-58
58
-34
54
24
69
20
-68
-16
-11
-52
39
-70
-99
-17
71
-32
27
79
-10
-80
-86
-68
-86
99
85
-6
18
-12
-19
-12
-64
32
-28
12
-74
13
36
-68
71
64
48
23
77
-41
26
-45
-45
-50
-39
15
-85
-37
7
19
-24
-78
40
-94
-17
90
-61
74
4
-8
13
-41
-4
25
74
-78
89
-7
-11
79
-43
12
29
-93
4
14
24
77
-91
-83
-90
-74
70
5
-58
31
-68
-100
-43
-74
-4
-32
-78
56
61
17
-50
-46
-3
27
89
98
-94
6
-24
-28
30
-71
76
-3
-70
43
3
15
39
-31
98
91
-24
-46
36
-63
-5
87
55
-3
35
-8
-35
46
64
-51
-100
-56
-62
19
-55
99
7
16
-46
57
-94
52
21
9
-29
13
-79
-60
10
13
-43
-42
80
63
99
-72
67
-36
-84
-36
-87
30
85
-42
-16
64
-40
-1
49
-20
8
-86
-77
54
98
-8
65
43
-77
-7
-2
-62
64
55
-38
-35
-75
-73
-37
65
-79
-97
12
-65
47
83
-13
54
-62
-19
-85
1
56
72
-75
-74
52
33
-74
70
-47
-51
-10
7
1
76
-16
6
-88
23
-62
-13
-15
74
-20
-23
45
22
99
-11
94
48
45
-40
33
-69
-65
-11
73
-88
-41
-29
91
5
-21
85
-9
-7
-55
85
-69
-42
57
39
-29
-86
14
-25
-2
-37
56
-62
-28
48
-81
81
-92
87
-35
-95
52
94
73
29
11
-75
-77
-65
-41
-7
-96
-74
36
-12
-16
-52
-89
-40
-67
40
89
6
-71
48
8
-58
68
70
-5
-34
22
-78
24
17
14
-40
-81
48
18
-48
50
-27
26
11
-65
16
-79
29
-32
-40
39
-23
-27
58
5
81
42
-43
74
75
27
-79
-13
-1
-2
-1
54
22
8
18
-55
26
39
94
-24
-46
-83
-100
-74
-20
69
-1
96
13
-88
-27
67
98
52
31
69
-56
14
96
-100
-38
85
-39
-75
-90
9
-14
4
-42
100
56
92
77
29
-63
-51
98
7
-50
-6
-30
-6
34
-79
-80
-74
16
-29
7
72
55
-47
18
10
34
96
-62
62
-21
14
84
-29
-53
-76
100
28
88
41
37
4
-74
-1
-66
15
62
-82
98
-77
-42
97
88
-38
63
43
-100
47
26
-19
21
-13
96
-89
18
17
2
50
49
1
82
-80
9
-74
-79
76
-68
91
-3
-85
-86
77
11
-77
-85
-75
1
-100
-7
-21
99
-29
-37
-62
-52
-89
-34
-98
-88
-48
49
81
-53
17
-37
-82
35
-17
44
93
-64
-19
14
-5
-51
-52
28
27
-48
-90
-88
29
-59
78
5
-50
50
-22
83
36
-83
-93
64
66
-42
99
28
-53
40
97
45
12
-93
57
-47
43
93
51
74
-76
-28
-82
-76
-61
-57
37
-87
-81
84
45
-57
65
-84
-13
-28
-90
-46
-49
-28
-11
34
-75
22
68
-19
-50
17
89
-31
-16
-94
-73
-48
88
-89
-53
28
-68
11
-6
-18
-66
-42
74
-21
-43
12
-72
-41
-99
86
46
-10
-37
-46
-92
74
-33
-30
-55
-23
4
47
9
-39
-34
-3
-57
79
39
-7
35
-30
54
-2
-83
-6
52
-28
-54
-23
-30
27
33
-18
-58
-34
92
-64
13
-95
-91
-48
83
-13
-81
-61
86
56
-89
-38
-40
6
-91
-62
21
-52
64
-71
-73
1
-94
-94
-61
-54
-95
94
-26
-60
93
51
31
-31
-85
-34
23
-27
-98
-41
-68
3
-37
-7
-39
39
-89
52
-36
6
28
-74
9
-95
-62
71
52
-91
36
32
79
-84
-7
-25
8
-17
81
28
-79
20
-83
-91
-56
14
-80
-73
85
42
-9
43
-18
-82
-39
58
-35
-54
-43
23
-50
70
-73
-17
77
66
-8
-27
84
-11
-5
-29
68
-16
95
3
6
-100
43
67
25
59
16
-22
-85
-77
2
99
-94
56
40
92
-37
-3
-63
5
-47
26
-24
-5
93
34
-80
-93
56
10
-34
-35
1
14
71
-72
-18
-61
-27
-65
8
-41
81
-94
52
46
29
-83
-29
64
-81
-93
85
-34
58
31
-40
-53
63
-31
48
-80
15
-70
66
77
52
-33
14
-22
-72
-2
-67
-96
-55
85
17
-72
7
-91
94
91
-92
-18
-82
13
99
87
92
38
-52
18
-23
27
83
66
-94
88
-88
-96
4
-45
-18
5
7
-62
-81
93
98
-8
40
84
-76
-19
-97
-100
-16
80
-41
64
-38
62
-53
-99
-59
-57
96
30
12
-6
-42
-99
61
-17
93
90
38
-46
-75
42
-1
-78
38
-91
-77
-47
47
-36
44
38
81
86
9
-100
72
48
3
4
-9
-70
52
98
-26
-54
-44
88
92
94
-27
71
70
-39
100
-80
-80
-56
53
95
-26
75
-76
-35
56
-59
-63
8
-17
79
17
87
88
46
-4
4
61
-96
86
25
-63
-89
-41
-5
-32
-36
-13
-63
55
-7
-52
-78
-4
-92
0
-39
77
4
-30
-24
-49
9
-60
-9
20
-26
28
18
89
-89
-65
24
42
-7
-20
62
-10
11
-92
-92
-23
-62
38
72
17
20
-19
28
-9
-17
70
41
21
-13
96
33
-99
-30
-14
4
65
-53
-96
96
13
-57
19
50
-31
-49
61
-37
69
-16
39
-17
70
-95
94
90
49
35
95
