-92
-49
98
-40
-59
23
-30
52
-58
-37
-4
-21
-54
-25
-84
-55
-54
35
-95
90
-32
-39
-98
-75
73
-32
-98
-84
-9
24
-3
-79
36
-63
-50
-65
13
-93
-72
-27
75
-65
15
-74
50
9
-80
-94
-17
-36
-26
14
42
99
56
42
-62
-95
-80
93
85
96
-13
6
71
-45
-18
38
60
84
-17
85
-86
-6
57
-64
77
-63
87
26
37
-12
-44
81
-94
24
-5
-9
51
71
-20
-87
-19
-83
-16
86
-91
-46
-9
20
99
91
20
-25
-82
-3
68
73
15
97
6
79
59
75
-73
24
-30
27
71
-63
43
17
-48
-51
5
73
17
0
-43
33
-15
38
14
36
-66
39
-80
-11
-76
-29
97
-58
32
17
18
36
20
84
61
41
93
95
45
70
-61
58
-51
86
2
-80
68
4
-93
-27
93
32
-55
-15
-96
50
13
-25
-21
100
-16
-2
75
-1
31
47
-47
50
-31
-20
-83
84
-14
-78
-38
96
-81
-21
-52
-89
63
0
86
-81
-39
-61
-47
-71
90
80
85
7
-11
4
-58
-31
74
4
-65
-6
-16
9
-80
50
-26
56
57
96
-81
-16
76
-90
73
-35
-59
-91
-96
20
-57
-98
-72
73
-40
4
-77
-91
46
-18
-48
-62
52
14
-77
-81
21
-93
33
-30
1
87
1
61
-87
-91
75
-27
-75
-35
67
-58
-77
16
81
-14
-12
97
-60
48
-20
-47
68
-83
7
15
-73
58
-75
-4
-37
-27
-87
46
25
27
-31
-4
-5
-20
-41
54
17
-56
-58
-99
-83
29
-79
21
-57
100
-27
-94
-80
-38
69
44
-96
14
-57
-62
28
22
59
-31
16
-69
74
98
-62
47
-4
-46
-37
22
-47
-68
-71
-51
22
-84
78
-96
52
-16
42
63
-45
-99
6
1
-71
-82
64
43
-58
-98
-38
41
-95
49
-98
-97
82
-56
37
58
76
-39
-17
20
29
63
-86
-26
35
-58
0
9
18
-99
84
52
-25
35
86
-11
-96
58
35
74
-24
83
-95
-53
11
-86
77
-65
-11
-100
1
-87
-99
100
-66
-35
-17
-10
89
-15
-70
-63
-17
-75
58
54
94
1
-76
34
27
94
29
87
78
28
48
-84
73
-89
45
-3
-67
95
-8
68
-52
25
-39
46
15
20
-28
-71
-75
-46
5
53
31
4
-86
-95
-50
13
-89
86
-80
95
35
1
-45
-56
31
-93
31
73
84
68
-20
-81
-96
-65
86
42
-74
-12
-69
79
-54
-83
46
74
-39
-95
-59
35
-24
29
0
31
-19
-45
-8
67
45
34
5
56
-68
10
-87
-33
40
81
-66
40
2
8
-65
-9
59
68
-78
-70
-61
-100
84
70
79
-45
-31
-17
21
40
-15
30
-21
30
-83
20
93
-38
-76
38
-71
47
19
21
-14
-91
36
-34
-8
-86
98
95
-20
-43
-19
-72
-95
-98
-71
70
2
-53
35
14
-44
61
-59
58
-5
-85
60
-33
82
98
47
84
26
-90
52
-7
27
48
-38
6
-96
-60
21
53
54
-62
-65
22
51
-43
25
-18
-14
-84
-2
-32
40
96
42
97
-68
46
31
-95
-50
80
-54
64
32
-97
86
-63
47
-99
-38
-100
17
-96
-57
98
-29
7
38
-11
58
30
26
14
-85
23
90
55
-53
-18
100
31
69
-84
59
-96
-71
41
-9
-74
60
50
26
-38
73
-57
-46
-75
-86
21
-2
-56
-3
-28
92
16
-6
76
53
-93
-11
33
-69
-96
92
54
10
12
61
39
-22
-56
-45
76
31
100
-80
69
-99
62
99
0
-83
55
-19
-43
60
-67
40
87
81
-58
51
74
50
31
26
-43
-36
96
80
-69
-3
-44
-2
16
-72
-89
-72
5
81
86
79
-14
4
62
-24
-73
4
-14
88
-62
9
5
-17
75
-84
56
81
-37
-37
-71
-29
49
-73
-19
35
-37
86
-80
68
87
78
-25
-54
75
13
47
-2
22
84
-11
-84
29
-75
-91
75
-44
-9
30
-22
-47
-95
-11
-11
-28
14
30
-43
-11
46
-56
50
74
51
-96
59
43
47
-83
28
-70
89
-32
27
48
72
38
-66
-54
-27
-87
26
13
59
-75
78
63
92
53
-32
52
-13
69
-44
-80
67
96
54
37
-37
88
-57
67
60
-91
39
48
-90
72
-1
-66
57
-56
88
-15
-62
6
-73
-63
-80
62
15
97
-68
-79
-89
-65
-55
-86
73
93
-89
-69
-92
70
-43
28
92
74
-50
-30
28
-9
-66
-83
-83
20
-36
-100
-81
-38
27
-41
-18
100
1
70
-85
-3
-95
68
66
97
82
-33
64
54
-46
-63
28
66
56
46
-66
24
-16
39
27
-34
28
34
28
47
28
12
49
47
-19
85
42
77
85
-5
-26
-51
25
68
38
35
-24
-61
14
95
49
46
19
-71
-39
59
51
-3
-58
-36
17
72
-63
67
100
39
-29
-62
-23
-88
-38
-73
-23
56
-74
-68
-90
-7
81
83
45
-36
-98
51
48
-73
75
34
-12
50
-81
67
-15
-78
19
92
56
-42
89
48
83
-69
-2
54
-2
-1
-81
90
48
100
75
-76
-88
97
-59
-65
18
66
92
-97
-19
22
11
-28
28
-11
87
71
25
56
78
5
1
35
-97
41
-81
82
86
-1
2
-92
19
-97
-11
75
56
78
21
-97
66
-96
54
-16
67
-80
-74
12
12
41
67
44
-53
-40
-79
-54
-45
45
-27
84
49
86
-82
66
-11
-23
68
-8
-37
57
-79
-90
-24
82
-76
-92
75
-11
8
46
44
-53
1
-75
-78
-82
14
56
-94
-29
99
36
-13
25
-15
-89
-48
42
-45
32
51
81
81
-20
87
96
8
23
65
52
-42
-34
-76
42
21
-32
24
-60
10
-18
39
80
64
-75
-22
-28
21
30
9
33
91
69
61
-35
36
39
-35
62
-67
-99
-17
2
23
-68
-22
-68
-61
-51
-72
-20
-15
61
-19
50
21
-62
-72
-93
-94
72
-45
-74
-13
27
57
66
72
-27
-45
-53
-66
0
45
67
48
-25
-6
-64
65
40
19
-89
-86
-88
41
-70
86
-64
33
87
-50
-75
-50
-92
-86
78
100
36
-1
-66
-70
15
-100
-90
25
-1
-17
54
-7
39
31
22
50
-61
69
-74
64
-96
-3
-46
4
90
29
9
-68
-48
42
-55
-90
30
-33
82
-32
82
6
35
-4
96
53
32
4
69
-39
-4
16
43
52
64
80
-91
70
57
82
-55
73
59
65
3
65
22
78
-93
26
-56
80
95
-3
93
-39
100
17
37
-99
100
-70
87
71
13
44
-80
81
-43
-32
-36
24
-62
38
47
43
16
61
-83
80
-96
63
12
-82
63
74
-62
-93
-98
-40
45
-37
70
-66
88
43
73
-37
-74
87
45
-84
95
-21
-70
-1
-21
-94
3
55
39
60
-30
-94
4
-68
-81
-68
76
-67
4
-64
25
-40
-85
-7
-30
50
-96
55
-86
-20
-14
85
75
-69
-68
50
71
15
54
-7
41
-72
19
48
-24
82
-73
-5
95
11
28
41
-70
34
63
8
26
41
25
84
-27
-9
-7
80
15
2
-38
-45
-94
-17
-61
63
23
61
-21
65
92
70
59
-18
-31
-53
52
11
95
68
-7
-69
-55
-76
37
12
-52
-63
-37
-10
-90
-44
-98
-18
-93
-52
-20
-49
45
44
82
-18
32
50
-38
6
-49
-33
9
-50
17
-9
4
-5
-99
-52
88
-80
56
-92
42
-90
78
80
92
-16
-46
-57
-47
-37
-28
-69
22
-58
-17
44
-7
75
-83
11
76
86
33
7
36
74
58
-56
88
-25
-51
-8
65
-33
29
-78
-18
-19
-67
-86
16
3
99
-78
-89
88
-32
84
92
-83
-2
19
-14
-20
56
-16
-80
-65
31
83
-20
55
89
-18
-71
6
-77
70
-48
-62
28
-43
-84
57
50
26
74
-27
48
-16
-91
-89
-69
-16
40
-91
-39
-19
-69
77
-17
-3
-23
-56
-9
31
20
-1
-77
-96
-14
-92
-57
-99
55
-25
62
41
-39
83
4
-21
-34
60
-25
-22
-73
36
69
-57
-100
30
-98
64
51
28
-3
-48
25
-94
-13
-68
37
-88
-80
-55
-14
79
53
-43
16
-24
-68
85
97
-31
16
98
29
10
-14
-10
-97
29
-58
13
-10
0
-14
-64
-32
85
40
-2
-7
-64
67
30
-5
-30
18
22
-31
-46
-44
50
-87
74
8
-5
-17
-30
13
-44
91
28
49
38
-85
33
-56
-33
4
-67
64
-30
15
6
-2
29
-9
-30
-56
-77
-46
-87
76
85
-81
-13
33
-81
-32
48
-75
-93
-93
-87
13
-93
25
-91
73
-31
-87
57
23
-47
98
70
-64
-42
82
-57
7
-51
-18
6
-99
-57
94
-73
-60
35
-20
-12
39
74
-72
-89
-30
39
-72
78
94
-26
25
-65
33
-28
50
-68
8
14
-78
-72
-67
1
2
-20
-96
-77
-37
45
19
50
-21
-90
34
49
53
91
-31
45
-41
-52
-69
98
-49
-73
19
13
53
-3
19
-8
-83
28
72
-21
-33
7
-4
55
-35
-88
94
52
-2
77
73
-32
-43
6
-90
-16
83
23
64
-100
-36
-51
-47
82
-98
64
6
74
-58
-97
-36
56
83
-60
-21
32
92
47
-14
19
-31
52
-39
27
55
-95
-61
93
-16
54
57
-65
70
-32
-41
-13
-63
29
4
-51
-94
9
91
30
-58
7
25
-89
39
66
-93
59
-49
65
-47
-56
81
-1
43
64
-58
81
61
-41
-34
-26
-24
12
21
-41
-93
-36
-57
-77
-100
93
19
14
87
-31
94
-11
-3
-65
16
100
-76
33
-95
-77
35
-57
-38
-31
-75
58
31
-71
-57
58
73
-79
-82
92
33
-20
-63
-20
59
84
91
40
-94
66
-14
66
-2
84
-29
52
-89
-71
82
81
23
-54
-82
-43
-63
52
-26
4
-50
100
3
37
87
-14
84
11
-38
-10
3
32
-13
47
-12
-89
100
87
96
-29
-70
-62
-50
-27
58
-87
28
49
60
11
-84
-23
-4
96
-100
-24
99
-29
-76
-30
-50
0
-67
14
4
-50
68
31
94
-7
-34
-9
-10
83
-46
-80
100
98
-52
-39
-59
51
-51
-50
-50
77
-83
-89
28
-100
-47
-64
-28
53
15
-31
99
40
-62
62
-49
86
31
17
20
82
-68
38
39
65
-64
16
73
72
-21
-11
-25
-7
-27
-14
-99
-82
-40
97
21
-42
-69
6
-71
-40
57
0
12
-63
87
24
57
-26
65
40
-83
37
89
-75
79
99
-1
50
3
73
-47
-4
-80
-85
-87
50
-12
-62
-10
-20
-6
0
-87
-85
61
-59
67
63
23
-70
61
69
45
50
-66
-47
-64
-69
-66
-55
-14
-93
-70
-88
56
-45
-10
48
46
67
-57
63
-32
-81
87
99
15
40
-86
63
3
-76
-96
-7
-79
-99
-1
19
-77
52
-62
3
78
-43
63
-61
66
-7
-67
-43
5
-96
-87
39
-80
-99
-69
31
4
-79
10
42
33
84
43
-77
27
-50
-26
52
-35
-4
48
-86
100
36
-22
-46
9
5
-40
44
-79
-24
-28
-44
-74
22
55
30
-20
-77
27
-97
11
-13
-48
-48
-15
25
-79
1
-5
52
39
-34
74
-57
41
94
48
-17
-93
-41
-91
44
81
49
-54
86
-8
-87
59
-85
77
-68
-54
80
-87
55
39
73
55
-89
2
-45
-29
-53
22
-90
35
-86
-53
-17
75
6
8
24
33
-100
-80
49
-74
69
-47
-4
44
-68
-68
92
17
-73
92
76
-7
-30
-44
-69
21
-92
-69
-43
4
-40
79
82
-60
-55
-80
-85
-68
58
82
18
70
0
-99
-9
-22
44
-53
-65
46
100
71
34
71
2
45
-16
48
-51
-17
69
18
79
37
35
98
-62
46
-44
-51
97
-43
-89
34
-44
-52
63
76
-82
37
93
45
-100
-39
-16
53
-76
48
29
91
-77
67
-21
-92
94
61
-78
62
48
59
-87
2
-1
65
34
29
-24
92
-83
44
-50
95
-90
57
52
70
5
-70
-84
-57
-74
50
28
24
2
-11
65
14
-49
-49
-19
-82
-80
-33
69
5
-87
54
-54
73
-11
-33
-98
62
61
-23
18
-100
53
9
27
-71
12
-2
48
-56
-74
53
-35
26
48
-83
45
-38
-21
-79
95
-27
83
3
-56
-2
-8
15
84
-97
33
15
-20
94
-50
55
46
-89
98
-80
32
21
-45
-12
74
-87
8
63
32
8
-54
86
76
77
-94
-94
-63
79
-83
-11
66
42
-70
89
-37
-81
-6
52
-25
52
33
-37
23
-61
-45
7
-92
-62
-32
-100
92
-76
-37
16
85
-83
34
-79
74
41
33
17
-13
-75
99
34
16
-69
-36
-30
23
-58
-26
38
17
-10
-9
9
60
-55
66
-61
-49
-93
87
86
-58
-16
-30
76
-88
-96
32
65
-30
23
-50
-100
27
-83
68
62
61
55
-81
-17
-51
83
50
-90
-79
-23
8
-29
-2
-57
-22
60
-7
-59
-66
-53
-99
25
-90
-81
-44
-68
-93
83
-38
45
16
69
-93
63
59
2
-77
61
11
23
16
-59
39
40
-85
90
10
45
22
-31
29
-53
94
-98
-78
73
-44
-78
-37
-74
-46
16
-7
2
83
97
7
44
24
30
98
40
-15
-87
-9
-98
99
-7
29
86
-15
78
2
30
-83
8
-2
-64
-96
79
55
-46
15
-42
-23
61
-6
53
-81
93
-70
27
78
15
26
-46
72
-77
41
82
99
-61
-99
82
35
-21
-69
26
55
95
90
-91
77
60
96
-12
-84
-50
-40
0
-30
32
-11
12
39
-30
-80
83
52
30
52
10
-8
55
-7
-73
-75
-41
-76
90
0
93
61
-45
-61
-21
40
-53
-86
-77
-89
74
-85
2
8
56
-66
-42
-63
-56
53
99
54
-90
32
-38
-27
-99
-91
6
58
-98
84
-28
-57
89
-79
70
37
-56
82
-41
-13
93
-90
-46
-59
89
82
-32
-3
-11
-25
77
-86
89
95
-60
77
-15
65
73
50
23
53
24
-90
-31
61
-46
-11
-100
88
-48
-68
1
-84
97
58
-36
-86
-20
-62
24
52
-37
52
-15
-74
-90
-7
27
-53
-38
41
89
72
69
80
-78
93
-11
-3
51
-80
94
-1
-52
-50
72
-99
-26
-44
67
28
45
-96
-1
59
-27
-32
-27
74
84
2
98
43
-68
-8
-76
65
-21
92
34
-79
-8
-73
-82
-26
20
-45
95
65
-57
-36
3
-97
-61
85
-97
-94
60
-15
-26
53
100
-28
25
-64
63
48
95
39
11
97
-78
94
42
96
50
-67
29
-99
5
-36
-94
-69
49
-73
-24
-1
91
-21
78
-14
-48
27
-81
-91
-74
38
-34
-88
53
-82
-23
-80
50
99
-45
-5
67
75
-8
80
65
99
47
-54
-65
49
40
-57
100
-64
-10
-38
18
10
66
-34
26
45
-9
43
-64
-61
-63
100
69
-64
82
20
-37
-7
22
-77
-50
99
84
39
-75
-20
41
9
14
29
-79
81
16
-63
-34
22
-34
48
-100
44
58
-39
7
-1
-88
25
56
-24
-44
37
-92
91
96
33
26
1
-59
-100
92
10
-19
-47
-31
73
-66
-33
37
-58
-64
-53
-5
-46
79
-76
-53
-86
-3
46
7
-23
-71
-88
67
41
10
-80
90
-96
12
51
-57
48
-43
4
40
23
-3
-45
45
-37
4
-30
0
45
-37
-58
-56
-95
90
-69
19
-33
-24
54
-74
17
-78
49
77
91
79
12
-27
24
32
-2
46
-4
41
76
-90
-65
86
-52
-77
-60
76
86
-76
37
-1
59
-48
54
7
-73
-80
70
56
93
-62
-10
-79
73
9
97
-1
-33
-48
-82
67
-8
13
69
97
-56
94
-42
-60
-34
-66
-72
-21
-42
-1
35
51
94
98
-26
26
26
-89
-12
17
17
80
-41
-99
-17
6
-30
21
-27
-40
90
21
3
-54
45
-73
39
-92
-88
-75
23
14
66
-58
76
18
-6
53
50
55
-91
-37
-5
-61
79
-58
-12
-70
-31
65
-71
-74
-26
-29
-97
-39
-38
15
63
10
-61
-91
-59
-50
-59
41
-97
74
18
-62
95
-49
-93
-37
-4
-38
-72
-15
46
38
-74
29
45
94
30
55
-39
11
-71
-41
-62
-96
-21
-3
-78
-35
54
-30
22
64
77
30
-51
-11
35
-78
87
-78
88
79
-15
57
-30
47
94
-81
87
-26
-36
-24
80
19
-35
18
-66
26
55
-2
-94
76
79
49
30
70
-5
56
-8
73
90
-9
1
42
-12
59
30
-55
-47
53
-78
-16
-12
-6
-15
53
-12
-36
61
24
-80
-89
-44
79
68
39
-19
-74
0
36
70
73
86
-56
-82
5
6
-52
-5
-68
-10
-33
8
76
-95
-59
-81
72
-46
41
-53
21
71
100
54
19
-25
-84
28
15
-65
74
-32
49
-72
-72
53
14
77
31
84
17
-64
6
-21
91
-66
-7
11
99
38
43
54
31
-53
-90
-52
13
67
-46
-23
-6
9
16
-77
-79
-48
82
-97
75
-33
-82
58
34
-13
-46
71
31
-23
-61
-49
48
-59
19
-84
18
77
-49
17
86
39
13
0
17
-41
75
-93
91
-44
36
10
99
100
50
0
-66
-24
-18
38
-49
69
29
79
-59
39
-13
13
79
4
-34
-47
40
69
-31
41
-35
42
-86
-42
-53
44
-39
-82
10
-59
97
48
-37
13
-15
4
-26
-45
-92
39
91
68
-21
34
52
76
-33
84
69
77
71
52
-83
40
-77
-68
94
98
67
94
-63
26
-21
-64
-56
-86
44
24
94
-25
74
-98
-38
-21
-19
-4
28
-54
-28
58
-60
29
-27
-44
6
13
-79
71
39
-49
42
66
-64
-75
3
-21
82
35
-19
-2
-47
40
65
41
88
-93
-100
22
83
-97
-18
-92
42
73
-37
-57
-74
71
-6
-34
73
-42
-61
-18
8
82
24
18
63
85
-37
10
95
47
83
32
29
-49
-85
-18
57
54
-71
-66
-86
36
46
-7
-95
79
-77
-28
-82
-66
69
86
94
50
-14
48
40
54
3
18
-21
-16
26
-23
-98
48
-21
-3
92
-40
53
-41
98
-32
93
-51
76
-13
73
-91
85
96
-43
-26
54
-73
-49
50
-95
-9
-61
45
-13
-95
-25
54
38
30
-87
-23
-89
-5
-100
-27
33
-66
-48
34
28
31
81
81
56
-44
-47
-11
58
20
14
-23
-13
-33
37
-17
-38
79
25
-35
3
26
-94
12
37
-73
19
86
-47
77
-14
-24
-70
-84
-34
32
65
53
-30
46
-7
-31
8
69
53
-78
23
71
-60
90
-15
5
2
84
9
-93
53
-60
-29
-49
-84
95
-7
-64
21
96
74
47
4
-52
-68
68
-8
-42
76
-18
-46
35
-76
-50
-63
-33
57
100
31
-31
-2
81
-30
47
-43
21
-42
-76
74
-57
14
37
98
-100
47
-68
-87
49
38
10
-9
26
75
-83
-39
98
-72
61
-59
85
-24
83
-10
64
89
-69
80
-52
-31
-80
63
-85
80
-56
54
69
35
-37
-83
-58
-79
-57
-50
82
-11
38
80
10
-37
16
-64
-4
-75
-55
-7
18
83
56
14
-81
-4
-27
57
43
42
39
3
26
98
48
100
79
-97
72
33
-29
-37
16
57
81
-54
26
-90
72
-63
-63
74
77
-59
-26
-3
85
98
-21
61
59
-11
32
82
-7
-47
84
82
-67
-6
27
-64
33
-11
-30
-67
-7
-51
18
-93
12
2
54
13
26
-11
83
-68
-38
-85
-4
60
68
-4
81
15
-7
-7
12
19
-52
47
61
-27
-97
-18
88
-84
36
82
-18
86
62
-93
-31
32
63
-46
-95
24
-81
13
64
25
86
2
-19
60
37
-70
-6
40
-26
-34
49
76
7
-20
14
91
-3
-56
41
69
73
-1
-19
59
79
96
47
-90
92
-5
5
96
97
91
-26
-27
64
68
65
-100
62
43
-41
-9
8
-43
88
-88
69
-37
86
-17
-25
-24
81
-41
-59
6
68
-100
-86
21
-88
-61
-67
-20
-43
-100
56
92
-79
-46
5
73
-63
-75
-28
89
70
-2
-12
-71
-54
44
-14
37
-28
-22
-79
91
-59
-63
-89
-95
-81
65
56
-31
100
80
-13
-53
89
15
-12
40
-88
71
-62
13
35
43
-53
-12
-42
-3
94
67
-35
37
-57
0
92
-93
-64
100
32
10
47
22
-86
37
79
35
-18
-8
93
40
-76
60
-31
-57
-100
37
26
-49
-75
-46
-23
47
92
-1
68
-27
-61
81
-76
99
-95
-57
57
-97
38
-24
-86
27
74
-6
76
-35
73
-33
-10
3
0
34
67
28
-71
-86
58
33
-73
81
-63
77
-74
-30
48
80
13
66
16
-72
-66
79
33
-53
67
67
-82
95
-63
-22
41
35
9
-35
-86
-93
-43
-30
-68
23
-74
31
94
52
-70
100
-7
12
-43
92
99
0
-78
3
-65
83
-5
-57
85
1
-18
-25
-91
81
-19
60
45
94
-21
-15
19
33
-70
92
-32
-73
-19
38
51
-58
-68
-15
-4
-93
-85
75
46
-41
-72
-71
-43
71
-88
50
-57
-84
-51
-28
-37
-59
-83
-19
-24
-93
64
-15
-71
34
-12
47
6
-56
72
37
64
59
91
85
-68
-11
-16
-25
14
92
86
-29
-2
20
-27
30
7
-93
54
-85
36
97
93
59
-19
46
-91
-46
-7
13
-57
23
26
90
61
-7
-39
44
-38
-45
-37
51
42
32
-71
77
-64
-71
46
31
-81
-51
34
66
49
-88
46
-62
-99
-96
-69
9
-11
-39
-30
39
-53
64
21
-76
-56
-49
-79
52
54
10
81
19
22
-36
-37
70
-91
94
84
-78
-6
40
12
29
49
38
-48
-100
-57
-56
-25
59
-49
-89
-55
93
-34
76
-3
-66
-13
16
88
-8
-59
-12
-2
77
-77
-62
-99
-23
-5
-80
-49
-41
-44
87
-98
-52
-75
-47
72
23
-17
-75
63
-9
-74
91
23
76
-17
-14
-2
35
71
-28
87
68
69
43
-48
-92
-69
28
75
-21
27
-93
-34
30
-19
-22
-68
-92
-88
11
-51
0
56
96
80
-58
61
79
43
-73
91
71
23
-86
47
60
-80
14
-88
-67
-60
-92
89
-70
40
-93
-25
7
-35
-99
-28
74
-32
36
1
-1
-20
70
62
-9
-82
35
71
-28
-43
12
-73
37
-76
-32
-73
1
62
-82
4
-21
2
-26
-26
57
17
-36
96
-8
93
-10
4
88
20
70
22
23
-72
-81
61
-97
48
-20
82
37
32
47
44
-80
-15
-37
-99
56
-37
-90
-66
90
-89
98
-5
49
-11
-70
85
-18
84
-41
72
14
86
25
-18
25
94
-84
-45
48
18
-96
46
-57
13
-86
-82
-90
51
-52
-54
-39
63
-63
-16
-67
61
32
-90
60
-61
82
-93
25
-65
-49
-43
87
65
8
-60
1
64
71
50
-61
94
13
-92
-28
72
-79
-18
43
50
67
-28
25
58
57
-20
-3
-95
-92
-95
-57
-8
57
76
82
-34
-9
-66
100
36
-48
83
-80
-100
72
56
45
72
84
88
27
79
1
33
73
-85
3
-80
-41
-89
-36
90
-21
0
52
19
47
-70
-25
-95
-94
-86
-62
-28
88
89
69
81
-18
-66
51
3
9
-98
-98
11
-11
21
92
63
-45
41
95
-19
27
74
64
-57
42
-62
-24
-61
45
-20
32
20
-78
56
-75
-90
-96
53
51
-34
5
-12
56
-87
-18
81
84
-47
-49
-36
56
-69
-10
-14
-69
-82
97
-32
12
57
-60
-13
29
50
-7
51
92
51
76
-90
100
-76
88
-17
47
2
-95
-18
39
52
64
40
-19
-66
-34
-41
-34
93
69
56
95
97
33
4
-50
-17
-10
42
-69
46
-63
8
59
41
84
-26
8
74
-23
18
99
-29
68
85
-32
72
28
72
-50
37
56
-49
47
-50
-98
-47
-98
-23
67
-47
92
96
12
-69
86
26
-35
20
64
-94
17
29
-81
-45
71
90
74
-92
49
55
-82
25
-59
84
59
63
92
12
-4
-11
6
79
-36
68
71
75
-52
39
55
18
42
60
-58
37
-30
-77
83
-1
-26
38
17
-15
-25
83
-38
-91
47
17
-26
-19
-48
-66
-6
70
-51
-54
1
49
55
97
74
40
87
-13
-20
-72
-62
94
3
68
42
-100
61
79
3
5
66
-53
92
-41
-55
-78
90
-95
77
-78
-4
14
48
-96
50
-93
92
-10
-23
-92
-71
63
38
-16
-88
22
-27
-41
-77
-38
-18
-11
57
-52
-52
77
-63
-92
-73
83
55
75
0
65
35
23
3
80
94
52
-85
93
91
-55
-58
-80
-86
-31
85
-69
-99
39
-40
-88
-62
-51
-100
-35
-6
97
35
8
22
33
-20
-28
65
-26
-29
46
21
69
-19
-84
-48
-10
72
-45
78
-45
-67
33
-8
71
-94
52
-84
91
43
-5
-67
73
-32
48
-14
-82
91
-36
39
92
-78
10
47
100
-68
79
-16
2
33
93
-72
-23
35
37
-4
-46
44
15
47
-39
-64
26
61
87
19
-67
29
-21
-32
13
-24
-65
-59
20
-13
-4
30
68
-37
99
-30
55
44
41
-12
20
78
67
-52
53
7
74
-57
-50
-17
21
73
92
-97
60
43
-26
85
93
-34
100
-78
99
-2
56
23
-7
26
-70
-40
63
-86
-38
26
78
-8
-44
64
-5
-72
-1
26
-52
50
-58
16
-37
-74
-63
95
-40
40
20
21
88
-28
31
-86
32
-73
-90
-51
66
4
-15
-90
-28
-96
-11
84
-25
-29
-74
38
87
35
-78
-21
73
20
-47
-48
-92
62
-47
13
78
-63
-60
-5
42
88
-31
90
-92
-48
27
-11
94
69
-85
55
21
48
-27
1
-74
13
47
-36
-10
32
69
-89
-75
54
-94
-71
-47
86
83
91
64
-21
13
-86
-61
-75
79
46
-84
20
86
-3
-6
-33
-99
-97
100
-57
92
-29
-55
-39
70
25
10
-67
-56
-39
50
-4
-39
93
-77
-25
-16
8
9
38
-96
-58
-62
-65
98
-52
-54
-86
-2
22
-90
-20
58
-7
-33
-48
79
-17
-18
54
12
-45
61
18
51
-81
-57
11
41
-56
72
27
-15
70
-88
11
66
-91
30
-17
97
13
75
12
-62
84
-49
23
96
85
51
8
-36
-91
-34
17
-2
-81
-48
2
-82
54
-60
11
79
-4
93
24
42
76
-4
52
61
-71
16
-53
42
98
-12
67
9
66
-67
-32
-53
66
97
-3
-81
95
-69
22
5
80
37
52
-26
97
-46
-24
-41
95
89
74
30
-86
26
-89
33
14
-97
41
-60
45
84
-7
55
65
6
-65
30
58
41
36
12
21
-78
49
50
-86
27
-59
87
-55
58
-50
67
11
-97
17
-80
-37
93
-90
28
71
-92
97
68
44
80
41
45
-59
-79
27
58
-44
20
-14
-90
-17
32
-64
-71
-97
-29
58
-50
-52
30
90
-8
-48
77
2
-28
-67
77
-30
32
85
-8
-66
-55
71
-69
5
73
-40
37
37
-87
41
30
59
-58
-100
83
83
51
-26
61
97
72
-21
63
11
-89
68
-10
-3
11
64
-2
71
34
43
12
3
32
7
100
8
-86
-5
-30
-41
-70
29
65
-28
-10
-98
-97
-85
-11
-42
5
-67
-40
-92
47
55
47
-87
53
-72
-11
44
-98
100
33
-36
31
72
80
-63
32
-36
2
-97
74
-99
63
-15
90
-88
54
44
-21
-19
21
-30
20
81
60
-7
99
55
21
57
-3
0
40
48
-41
41
-73
-78
8
76
-46
-12
52
-65
-92
46
40
78
4
50
51
60
97
55
-7
-86
-14
92
-42
88
-36
37
89
-48
-60
92
76
68
94
26
-50
-56
75
-62
83
51
-61
16
-37
-15
23
61
-94
-78
-4
-44
-86
48
89
-49
57
61
38
68
-58
-79
67
70
33
-95
-3
-82
33
97
-81
87
85
-11
100
-21
-64
37
60
30
31
-87
-67
21
-51
27
-54
4
-30
42
-75
67
94
-46
-58
18
-92
68
20
82
58
-48
45
5
-29
-1
20
90
-83
74
76
26
-93
96
21
72
30
-14
-3
-99
-20
32
27
-1
-22
43
55
77
-35
-15
-98
-88
91
-70
64
45
-96
42
-29
-43
-89
-33
-6
61
-19
83
-17
-23
-10
61
-86
93
26
55
-3
-73
62
52
53
72
-11
65
14
23
44
-3
-64
-41
26
22
60
-67
50
25
57
-45
74
-8
53
-60
-48
-20
-93
86
37
-92
-85
-94
-63
47
-16
54
-7
85
-97
-58
13
32
-26
-4
-94
73
-50
79
-77
-90
33
64
99
23
10
-29
-20
24
-3
-95
-94
-38
41
-86
97
-29
39
34
96
18
-58
100
98
-80
-80
10
-86
83
-88
-3
89
13
8
-7
21
91
93
-73
33
-52
-74
-24
-3
-59
11
-100
99
-13
24
57
63
-25
87
96
63
70
-95
-14
19
48
62
-2
-63
-68
-66
-33
58
52
-81
-72
-18
13
-70
-33
-6
9
-18
66
-48
88
53
86
-64
-2
-24
-85
58
-3
92
-37
60
-22
56
89
92
-14
82
23
3
-37
71
79
-100
-35
22
55
-30
95
51
85
97
24
12
-60
45
-90
18
96
86
-82
-34
-13
-3
-13
99
92
27
78
14
15
46
87
42
-16
-31
-7
-72
-60
-100
15
-53
14
31
-55
72
-14
-32
9
-3
59
77
-18
-93
2
-4
43
46
79
-58
48
32
80
-6
-33
16
4
27
63
-6
27
50
35
-33
-36
2
42
61
26
88
41
-9
80
-62
29
-1
61
78
-66
-78
95
99
53
29
-83
64
61
-7
64
36
-40
37
-25
-91
53
68
37
-10
-32
-55
86
-57
98
74
32
-19
99
-14
-44
33
93
-23
43
-39
45
-73
80
97
44
46
39
-48
21
21
-96
-35
46
-82
-29
6
-87
77
-11
-86
-36
-80
-70
57
49
55
-53
66
-49
1
-28
-12
73
84
87
-52
-47
-29
7
-90
30
98
-70
-39
41
6
-3
69
-5
7
-89
-8
0
-7
-94
-95
88
11
-90
77
-84
-87
63
-68
81
-3
2
-2
93
51
-92
-82
82
-25
0
31
-75
-20
-94
-70
36
50
-14
100
-78
94
-13
-96
-58
-60
-18
99
-66
68
75
-42
27
12
51
44
-14
46
99
-3
27
-90
41
-93
-16
31
-8
30
63
-46
-53
30
88
-57
0
76
-33
80
-76
-94
50
-94
20
-98
82
80
48
24
-100
-81
92
-40
-74
32
55
90
-51
24
66
10
-64
-63
-74
80
-94
-71
-32
70
45
-34
-2
-71
-9
31
5
79
-8
-74
60
39
48
79
97
56
-46
77
-79
-29
-56
68
-60
-6
-9
-86
2
85
38
-70
-99
-13
-68
61
-51
-100
-17
8
-93
79
12
27
22
-99
-99
-42
26
-46
3
53
79
-57
-76
29
-32
-80
-10
-22
-15
-98
-29
28
-41
25
0
-90
-83
74
-37
35
63
87
-88
37
12
29
-67
-13
-3
-36
-51
75
-27
93
-60
-99
4
25
91
44
88
63
79
3
-77
-76
-87
60
99
22
76
-97
-81
-31
-18
-11
40
0
-26
-98
51
73
-57
-87
41
25
-38
3
27
2
66
67
-43
-69
-53
-31
61
-59
90
-99
-93
74
-77
34
-41
37
45
48
5
-65
81
75
53
63
0
40
-56
-33
51
98
57
-19
-38
67
-12
-99
-34
82
-94
60
64
-43
-64
-27
90
-39
75
66
-97
-20
-68
39
-39
97
39
-81
43
46
-72
-60
-55
18
-57
8
56
-36
-80
-100
95
-8
-97
-8
16
-68
-44
-13
-26
92
-49
-3
71
11
-82
50
90
-71
-36
97
5
-54
73
-44
-9
-60
28
58
14
37
-9
54
12
95
17
57
-13
26
52
73
-94
-69
14
-98
-29
34
94
-28
17
-19
-3
-58
-5
40
-91
24
59
56
-94
-29
77
48
17
-34
-80
8
-40
14
-16
27
-20
-63
-28
91
-82
7
-84
-47
-22
42
-77
-25
-92
18
-49
28
-81
-82
1
-20
-81
63
81
33
64
-63
-31
64
32
0
-85
-70
88
30
14
46
97
9
41
-33
-72
40
21
3
-86
10
-6
-31
-37
-89
-7
36
-55
88
68
-59
13
-5
-42
-33
6
36
-19
12
-40
0
97
-9
-81
-45
-55
47
62
-7
17
-22
-34
15
73
-94
-21
58
-46
36
72
-46
0
-17
27
-40
-70
-54
49
1
-64
72
58
80
-3
100
67
-82
24
-82
39
4
95
-21
44
-57
33
78
25
53
-89
-89
-61
-23
55
-97
43
72
30
-2
39
-70
-64
33
-82
19
-62
18
61
-98
-71
56
51
-11
-79
-38
29
-80
-2
28
8
-12
64
-57
-41
52
22
44
-85
-5
89
-31
36
-41
34
71
-62
-32
94
-38
61
-87
5
68
10
24
-82
97
50
39
-86
30
-49
-10
2
-42
35
75
98
18
-64
-93
-46
-83
15
-3
61
-100
59
-64
91
-49
34
-22
67
-5
-68
62
-30
70
-68
-17
-55
-54
-35
-62
-92
79
-96
-18
68
32
44
40
70
-85
-9
42
-62
57
13
29
-29
-62
-14
36
-40
-72
77
-47
-80
-66
-6
-20
-92
-96
-94
19
80
41
56
-50
99
25
98
-91
53
57
1
13
56
-44
42
77
92
-27
-24
-37
-25
-93
-50
8
-96
85
-30
-76
-79
98
-80
-41
20
-67
-20
93
-10
49
-26
-24
21
-96
-70
-98
81
93
54
-21
33
-10
1
-80
96
-29
57
80
64
-31
-8
72
68
14
98
27
97
-33
74
-5
63
-97
-53
-1
5
27
-68
-68
9
-78
84
77
93
-30
-85
-47
-63
-84
-31
58
35
5
39
22
33
18
-59
7
25
-91
-64
5
-8
51
46
2
-39
-98
84
-68
88
-85
74
-25
-84
22
57
18
69
-41
-18
2
-59
-96
54
-26
-38
99
-73
-85
-66
71
-63
17
87
-32
94
26
91
65
47
-70
-56
71
-33
0
-87
-28
-84
-38
100
-48
99
-66
-7
26
-30
75
-43
-52
-94
-15
-81
52
-80
98
86
-6
-25
92
-29
-83
75
-91
43
33
-37
-78
99
-4
-43
-99
-87
40
-86
67
53
-58
91
49
47
-90
48
8
-14
-81
82
89
-44
-44
3
71
-86
-38
-38
-77
-99
-20
40
97
6
-35
16
79
91
42
-99
-59
-98
9
-27
48
-27
-43
8
8
-74
60
-13
3
-32
23
-80
-41
-50
-24
11
24
65
-71
83
69
-44
-85
40
18
10
46
-69
-44
54
93
-88
-23
52
77
73
74
93
48
49
65
-20
-42
-3
-59
-65
21
-42
14
-48
46
-9
87
-90
70
25
66
13
14
-43
-89
-51
-58
-93
-41
59
-5
28
86
41
-11
11
-28
85
14
15
-63
-71
74
-10
-71
-4
-92
-3
-22
7
78
-32
36
98
15
-94
67
84
58
23
8
-20
-51
-50
68
4
-69
36
-64
79
-57
66
-80
67
46
24
-32
40
-56
-65
-13
31
71
-69
-12
9
56
62
-5
-7
-18
-45
33
67
93
7
21
-85
-11
-90
77
-53
-48
-30
-48
79
-31
57
69
45
-37
-64
-24
-47
-78
-94
-100
37
17
59
26
-41
-36
-67
-26
-79
28
-97
46
15
-68
-18
-33
25
3
-13
-15
47
-32
-23
40
-83
71
68
-81
-10
-45
-87
-7
-89
39
34
43
93
-58
-14
-15
-43
0
-17
27
-40
-36
-76
-33
64
-72
17
-65
48
97
46
62
-49
-18
-43
-48
23
69
-55
-50
34
-83
44
18
85
-8
92
-1
54
6
-74
-85
-1
5
55
34
-54
30
-78
-79
-53
-4
-79
44
22
47
20
-15
40
-5
-16
-65
80
86
65
-10
-14
-10
14
77
16
40
-41
35
-38
6
-34
98
-1
41
39
-1
0
-22
-90
-27
87
68
1
-79
-41
-34
-13
49
90
-68
40
31
76
-36
58
-98
7
37
42
-70
38
-60
-57
-35
47
96
2
-12
-41
-48
-6
91
92
34
82
-52
31
-31
-80
-82
25
-47
-64
19
53
-73
-30
21
-40
40
-29
-36
-44
-90
-43
-43
17
72
-41
35
62
19
95
83
-3
-5
29
5
-94
-95
-99
-50
34
73
69
72
55
48
71
16
73
12
4
2
81
17
45
-89
-41
-64
27
-95
15
91
77
-82
-23
-18
-33
-16
-16
-70
60
89
-54
-11
-37
-16
58
-93
-69
55
-98
42
-18
-86
57
-82
-84
7
2
-70
-79
-23
87
-90
-91
9
96
-32
54
-66
-75
-23
79
39
-42
-68
-97
21
-60
-29
-68
-2
-55
-23
50
88
-5
-15
81
45
68
92
-60
85
-54
93
-96
85
16
54
50
-29
32
-51
-95
21
31
-22
47
45
-99
29
86
70
-69
22
1
-14
16
28
-80
18
27
49
81
11
95
65
91
67
-52
-83
1
-98
-78
75
-37
84
45
62
-23
-36
-97
-48
4
-66
92
-63
35
56
-15
-97
-52
-17
7
7
-7
60
-69
-52
-75
31
19
2
55
-41
69
94
7
-4
-17
-49
-48
4
-46
68
-50
81
81
-76
8
-11
68
80
35
-25
-2
-86
63
-28
95
66
43
-81
-66
75
45
-74
23
-85
-10
-47
-6
16
-8
-76
63
68
-28
-29
65
80
74
-67
-74
89
-90
-49
24
-76
51
11
28
-88
37
-38
-18
11
29
-29
-12
35
-58
-65
-49
-3
-3
8
15
-6
-45
5
95
67
-40
-30
59
66
-21
32
-40
94
-78
-81
-48
-96
44
12
-38
98
10
-76
79
-63
59
-56
49
-48
-65
92
19
100
-72
7
22
-23
-19
75
-18
75
98
51
-29
82
94
25
-62
73
60
-59
-26
86
72
-64
41
-30
96
-26
3
69
-10
8
-9
77
-43
69
-66
-88
-65
39
13
-70
-29
80
95
-79
63
32
-20
3
3
-80
39
-12
-75
-62
-96
-41
93
-42
-73
-67
-24
41
31
-49
-92
98
-33
14
13
-16
-28
56
82
-97
-33
99
47
-17
-55
61
29
-92
68
41
-50
67
-93
69
-85
-48
84
-96
-46
-80
37
52
94
-28
59
96
-89
19
-72
-27
-98
34
-76
93
6
-6
25
-66
30
72
-19
21
-78
92
-4
55
63
24
3
-17
64
1
-54
23
-16
-99
71
-87
22
57
26
-83
-55
-89
60
-1
63
-85
1
77
-55
-67
47
-29
-72
36
-49
-90
-81
-71
28
94
-3
2
-4
74
-50
-86
-33
26
100
-2
79
-25
58
56
98
8
50
14
37
-27
-37
17
47
59
-53
33
19
59
-98
6
9
-29
23
-3
-3
35
8
-5
-4
-80
73
-24
41
-72
-68
21
-40
-84
-62
-19
-42
-59
82
69
-2
12
-21
-27
-60
73
66
59
79
87
-27
23
-87
-7
-10
14
-11
64
-45
79
-64
-75
38
-89
-29
-17
-80
53
17
9
65
7
18
-30
-90
-87
81
-66
78
-73
-43
3
-3
-58
44
12
51
88
-84
28
84
29
-7
85
51
-68
-54
-39
66
-90
32
66
79
-78
-80
99
-4
-72
-14
25
4
55
29
-73
20
0
-91
-44
-24
87
71
-66
12
48
-70
-96
96
-75
-11
-77
91
25
-63
12
-13
3
-58
-85
35
2
-55
-44
-58
-50
-99
50
-60
71
-80
-65
56
35
46
50
-49
75
65
-17
-51
76
93
8
66
46
-78
24
14
69
-69
-41
-45
46
-71
36
-95
45
32
-36
-7
-62
55
55
89
1
-68
-14
14
-97
-12
-84
83
-27
-36
-98
-61
27
-7
59
2
-16
92
-72
3
11
-49
62
4
-61
-11
47
53
48
-11
-37
69
-36
36
24
9
-51
-61
89
-54
44
6
73
62
-45
58
-5
30
93
86
-95
89
18
19
10
10
95
0
84
24
93
-2
93
63
2
21
-22
54
96
-63
-59
11
0
-24
37
-14
69
-43
-10
-75
73
-35
-5
88
45
-85
-77
13
79
31
25
42
32
33
64
41
69
14
65
-47
-65
-50
-76
-19
-76
-8
-48
-99
-84
-35
1
43
48
44
-63
56
60
-98
21
-15
-75
95
-19
28
-44
-46
-63
9
19
35
-43
67
-64
56
-25
-65
-7
-1
42
7
39
-3
-40
-67
53
-97
78
11
-74
54
38
19
-70
-15
-13
-57
34
-35
-23
17
-2
100
67
91
57
-7
4
-77
-34
-29
-97
-24
58
-74
-69
94
92
-68
25
82
20
-83
-22
84
-86
23
37
-24
-19
33
56
-56
-20
3
-16
51
98
52
-40
12
-6
51
35
-58
12
-51
33
-86
44
54
63
6
-4
20
55
-8
38
11
80
52
9
-10
38
57
-9
-41
-47
-50
-72
-67
21
41
100
-10
75
-63
66
-23
43
69
-22
53
87
-93
-87
-73
-50
-60
-75
-28
-94
10
84
42
35
-95
-96
59
43
-69
17
-89
17
-28
-10
-95
80
-26
83
-86
43
-32
-82
-67
-20
-70
45
89
-30
-90
-31
-95
0
-65
96
69
27
4
70
-72
13
93
24
-9
-23
-2
-83
-79
43
59
-100
31
80
-25
82
6
24
70
51
-74
-94
-38
-95
87
-3
-9
-80
71
-32
6
-89
-33
-7
95
-78
20
77
-71
25
-23
-99
2
100
-38
-18
56
58
-20
-66
63
-54
69
66
-75
87
-40
22
-79
18
21
1
-87
-33
27
-38
38
-94
-59
19
-95
-78
26
-92
93
34
-62
-41
-27
-53
61
-38
-44
-90
-39
57
96
18
5
-65
-67
66
58
99
-4
-70
-64
-37
-39
63
-75
-92
79
47
40
5
-12
1
39
76
85
-98
-86
0
8
-49
-99
-10
-90
35
-58
63
59
97
-64
-72
-20
27
4
-86
66
84
91
53
-7
-71
89
33
-4
-98
-71
0
40
-55
54
43
12
-35
-55
-90
-2
-60
-22
78
93
-4
-29
33
-88
94
-35
16
-88
-39
42
-81
94
5
-51
-81
-70
-59
-15
-51
18
57
75
-50
-100
53
-71
-26
77
80
15
-91
28
94
-49
-90
-25
-34
-28
94
76
14
49
45
-81
-7
-22
27
-79
-98
32
-50
74
-44
71
-49
70
-9
75
92
59
84
9
49
-62
79
67
67
58
-65
67
22
99
-56
21
72
-16
-36
-71
-44
-90
9
-68
-92
-2
99
-74
-100
89
-34
-76
-2
90
-76
38
-50
-97
7
-100
-64
-11
18
75
-70
-11
5
33
73
-94
-86
17
-15
80
99
-39
30
-31
30
-12
-88
17
-90
31
75
22
-57
92
-58
-65
30
-95
-25
24
-50
-69
-60
-69
23
9
80
-62
-30
27
-80
54
-32
-90
22
-32
46
-20
21
-42
39
72
-29
61
-52
97
61
-75
43
-62
15
4
-11
0
-25
-72
98
31
-96
2
-82
79
-26
59
44
54
-73
72
-71
32
-69
76
36
-92
5
-27
-88
58
28
72
61
-25
-9
-28
-5
-30
-40
86
-16
9
36
97
-1
-91
74
-68
22
-58
-6
34
-1
-37
-73
-60
-42
63
96
60
73
52
-66
-2
-33
3
95
69
-59
63
16
-87
68
-78
-56
32
12
88
50
9
-7
63
-55
-74
-97
-26
51
-9
-63
-79
89
36
-28
54
-8
-36
-13
-27
89
79
-85
93
12
-75
-54
-54
-63
44
69
-76
9
-43
56
62
58
-6
30
-49
8
16
94
-66
79
-2
67
81
40
-68
78
-29
-15
36
-10
22
2
17
61
2
16
-25
79
-54
-44
62
74
93
-54
56
94
12
25
26
90
57
-93
-2
-57
-37
-23
-39
-82
71
52
62
81
-19
37
-38
-97
26
-79
54
73
-86
-60
-63
-52
32
-29
77
35
-5
-98
59
-96
-51
-25
-44
-61
49
-65
-88
-94
8
42
58
-32
-36
-22
-30
-7
13
54
-66
52
46
-16
-36
-49
82
83
71
-88
47
-17
62
-31
-73
90
84
92
-67
90
-81
-76
-83
81
89
-29
-49
9
-14
35
-20
33
-7
-83
-19
56
38
80
-2
-40
38
93
7
-97
99
0
95
15
-87
62
-88
-35
31
11
-98
-46
66
-49
-20
-3
11
-18
69
11
78
91
-35
-83
67
62
-4
12
53
-33
-89
-85
34
54
64
16
46
32
-81
55
-50
-54
-100
-62
28
20
-41
16
78
-45
-5
-84
-56
-98
55
49
-24
-87
63
-25
54
-24
-81
-49
-49
-48
-14
-84
53
-55
-65
43
-83
-51
84
100
40
-38
28
-5
-72
-87
-73
43
61
81
-77
-16
-5
74
68
-52
6
55
32
-75
44
100
24
-23
29
60
-76
78
25
0
76
-63
-75
-70
82
-48
-62
7
100
39
-9
-8
-94
85
-83
35
5
12
3
91
92
-47
-8
15
-28
-12
47
-46
-8
-45
18
-94
-63
96
-30
-90
88
21
-22
18
-94
90
96
-21
-52
-85
19
-73
99
-82
-37
-63
5
70
36
-30
28
77
44
99
27
19
-54
28
-18
-49
89
-86
-91
-53
-71
-37
-48
-15
13
43
56
26
26
-56
14
-2
54
-29
-8
2
18
-99
-57
-68
34
17
-98
79
-41
66
42
-84
-74
-26
-60
69
38
-47
-39
28
60
-19
73
29
-15
26
-5
95
66
-23
-73
-20
-23
17
62
-31
-64
-43
73
-29
79
-98
8
86
81
-13
12
-34
55
40
31
64
13
21
-51
-61
-56
-88
68
74
51
-37
-59
64
45
72
99
26
2
-53
67
15
100
11
-2
-74
97
-60
-43
100
79
31
-84
42
47
29
50
-82
-64
-28
-53
-100
-26
-47
-11
66
-53
100
86
23
-2
18
86
13
-94
18
84
11
-89
-47
-90
-89
10
-52
18
-16
-78
70
-52
-62
15
58
24
13
-36
30
-10
-76
-7
80
19
-36
-23
-19
57
85
83
0
99
-98
21
-58
22
-87
50
75
88
-86
54
-74
-17
3
-32
-65
79
-79
-40
87
15
51
-71
38
-57
9
38
26
74
55
48
93
-42
86
-15
-2
96
-36
28
-90
17
-96
-97
12
-99
19
-35
8
22
17
1
-19
-11
-36
91
37
-6
46
-58
-94
-77
-7
-23
86
-54
93
70
-12
-77
-45
-97
-38
69
34
79
-7
-35
-4
42
-57
8
61
96
-43
25
-35
-28
-76
24
96
45
-25
99
-60
70
-30
-48
-29
76
95
-22
19
3
50
-73
85
92
9
11
-2
60
-28
5
12
87
2
-61
75
-62
-25
28
37
-15
-10
-31
-89
-93
83
100
-64
21
-81
61
47
7
28
32
-2
95
-33
77
60
24
-86
16
41
-25
59
-24
93
7
82
-85
33
-87
-70
-29
8
25
95
-72
34
34
69
0
51
57
94
-66
1
-88
10
-9
-11
98
-32
34
93
25
40
-24
-89
-20
60
-62
52
-68
-56
-51
-65
-86
-76
91
-97
-97
-3
76
23
82
18
-42
-78
61
-28
70
-77
75
-79
-87
-37
-60
71
-95
83
58
34
-58
42
87
43
-85
11
-12
97
-98
78
-22
36
-21
-22
-97
59
40
30
11
-48
-81
-52
69
-40
-9
0
57
-13
91
-86
-99
-72
1
93
-94
64
-60
-31
-16
37
-52
50
-50
88
35
-93
-99
-81
-81
15
1
15
-85
-65
-69
6
36
46
81
-13
-44
-96
18
23
-21
64
60
8
-59
59
55
11
-18
-76
28
46
-20
87
-59
-61
-55
-77
-99
97
30
-2
-69
53
42
-40
30
-48
-57
28
99
56
-98
40
-4
89
-61
1
72
-87
-77
27
70
60
79
86
-35
26
-94
38
47
-96
-8
-80
52
23
-28
2
-7
-9
69
-46
-66
79
-32
92
-13
24
23
-35
50
-34
-88
-99
75
76
-98
63
-47
-76
50
85
100
52
-5
-6
15
-76
-50
23
3
48
-6
-73
6
19
44
43
-55
-60
13
-10
-81
-80
80
-93
-59
-60
-40
56
45
-11
-70
-21
-61
100
-82
-20
-68
-92
-2
-28
-71
81
80
-62
17
71
-21
90
-22
25
-83
6
97
23
-12
84
92
-73
-27
91
-47
-77
19
71
97
-3
95
-92
86
99
37
27
64
-21
54
78
2
-10
45
91
66
-80
20
6
93
23
84
43
47
51
-34
-22
27
38
-41
-73
-73
-29
-39
18
-39
48
3
92
22
-2
88
93
13
-27
46
-8
-56
-3
-87
-2
-5
49
-72
-89
-82
47
19
-57
-18
-59
-79
97
71
-81
-25
16
24
77
-36
24
27
84
41
-41
-23
-19
69
-98
58
-91
100
10
42
89
87
89
-23
-54
60
76
-67
-85
78
61
-86
89
-83
-81
5
2
-76
-65
-81
-9
-92
42
10
24
-85
-76
-11
51
0
-29
18
-90
-56
-100
37
-8
-77
5
-56
-89
-26
50
-78
46
-38
5
17
-35
50
15
-88
-13
-25
-86
0
1
61
-2
-28
-46
14
-16
46
-68
-3
3
-61
-52
-17
29
-19
77
86
-43
-68
68
-39
-69
-54
-46
-58
-87
-35
4
84
-40
39
1
35
-91
99
-72
-96
82
-51
26
-61
30
-31
-33
-90
83
85
19
87
-7
8
-71
-26
-67
55
-20
-82
49
87
58
93
97
45
18
-22
-87
65
-62
-40
51
-20
94
79
89
6
-86
-35
-29
-34
-94
-24
-43
5
54
25
-18
-65
29
-8
11
13
-88
47
-90
-53
-84
-82
8
-1
-6
23
-77
73
72
19
12
83
14
6
-39
-33
-80
-11
-83
68
-1
17
-30
58
63
-51
-74
-82
-50
-50
-5
-27
-96
-14
-52
97
100
-6
-46
64
-67
-52
91
94
-55
-66
-7
-16
57
-8
48
38
100
-25
-82
34
-8
-29
0
-56
-36
-9
54
53
-29
23
-28
46
-31
-56
-35
-57
-43
86
56
43
27
99
36
-78
21
85
67
-68
29
79
-67
-76
-9
-81
-54
-22
69
83
-86
82
-24
69
36
77
46
-43
-95
51
75
8
50
89
-58
87
-67
44
34
35
-77
-53
-95
26
-32
95
-61
-31
-53
60
-77
10
59
5
-27
30
60
46
-25
-12
54
34
66
-16
21
51
0
53
13
11
-82
36
-16
89
85
31
4
70
34
-52
38
4
-5
67
33
-7
-21
54
9
-59
32
-14
71
-72
3
9
-61
-78
-95
-80
-12
-79
-15
-14
98
31
86
75
70
-2
-32
-27
-79
81
-98
58
48
-16
-48
-42
27
20
-81
-31
38
-30
-61
-78
69
0
41
38
-25
64
-1
91
32
90
-10
-48
-24
13
-94
-93
56
-53
8
-95
-34
1
-79
-33
-56
2
-53
90
90
-56
23
60
53
79
100
-39
25
15
-88
76
50
75
12
-76
-10
-72
42
92
96
-35
43
-9
-53
-31
-78
-33
-95
-37
-52
-48
96
92
14
50
-66
-72
20
52
-76
75
64
75
-29
7
76
75
-45
-96
-95
-93
56
-71
75
-38
-36
-35
76
-21
-24
-87
15
-3
-14
28
-57
26
55
-26
2
-85
21
34
-45
-29
41
18
-26
-40
39
48
-22
-34
74
44
-58
-88
-78
-91
46
-25
88
-80
4
-20
-53
-21
-27
-65
74
-35
-59
79
-9
-55
100
-42
-15
10
-36
-69
25
91
-51
35
13
-8
23
-29
-83
35
57
-56
79
-49
40
19
-74
-29
-69
91
-59
79
-62
-28
-11
-17
38
63
-80
98
11
62
90
76
48
27
12
52
84
89
80
-58
-78
-12
-69
26
-91
-88
93
80
28
11
16
-94
-87
49
-42
36
-62
42
36
-20
61
56
77
-43
30
-38
49
-13
59
52
83
-41
13
55
16
-4
22
-96
-81
69
-98
-73
-23
-38
74
14
-99
46
-91
-36
62
6
-86
91
-46
-88
53
66
-21
28
-3
-40
-50
31
28
16
18
44
56
67
-32
-11
43
20
98
99
-45
79
18
-90
-90
-11
14
-55
-44
62
-74
-78
-74
-35
91
5
-62
-28
64
33
98
-75
42
-6
54
-28
-39
-4
7
-63
47
26
-45
-44
-4
-64
59
-43
-71
-61
-23
6
97
-77
16
31
-84
86
81
-52
30
-96
83
13
66
97
92
52
-89
-88
-66
65
-70
22
45
52
-48
8
81
-90
95
62
-11
69
-65
-42
-76
52
40
-80
-34
-77
29
-93
-68
-71
35
87
79
33
-29
96
-32
-65
-97
16
63
91
-1
94
32
-34
92
-71
64
-59
28
44
79
89
-97
-42
68
-31
62
1
59
7
7
39
-51
-45
74
-45
-46
85
-94
38
-5
96
99
-34
10
-79
97
61
96
7
34
96
-58
87
-51
46
-15
-54
71
44
-38
-52
-19
-39
-81
22
-50
2
84
-39
-97
-41
50
26
-36
-51
5
-64
21
93
11
-97
27
23
-38
71
53
-93
-21
-34
-61
59
90
-19
61
82
-19
-84
81
61
-14
53
-16
51
-72
-50
95
72
-12
-99
71
59
88
70
85
27
-66
33
39
85
-76
-51
89
20
100
28
-87
-87
21
77
62
43
-82
78
-45
83
-36
78
-41
-87
-7
-19
-97
-67
-66
26
-9
92
83
47
32
-89
